# 2018-06-07 21:31:06
# Total memory: 3764.58 MiB
963985408 0.0 
963903488 0.5 
963903488 1.0 
963903488 1.5 
963903488 2.0 
963870720 2.5 
964505600 3.0 
964505600 3.5 
966537216 4.0 
995102720 4.5 
1028628480 5.0 
1054212096 5.5 
1084051456 6.0 
1115062272 6.5 
1153662976 7.0 
1186168832 7.5 
1214832640 8.0 
1242071040 8.5 
1272578048 9.0 
1295933440 9.5 
1323814912 10.0 
1352003584 10.5 
1382133760 11.0 
1410412544 11.5 
1440854016 12.0 
1469054976 12.5 
1498730496 13.0 
1526792192 13.5 
1557647360 14.0 
1584594944 14.5 
1615011840 15.0 
1642909696 15.5 
1667035136 16.0 
1695383552 16.5 
1717223424 17.0 
1740042240 17.5 
1761120256 18.0 
1768206336 18.5 
1799077888 19.0 
964751360 19.5 
964902912 20.0 
964902912 20.5 
964902912 21.0 
964616192 21.5 
964612096 22.0 
964612096 22.5 
964612096 23.0 
# 2018-06-07 21:32:06
# Total memory: 3764.58 MiB
964030464 0.0 
963928064 0.5 
963928064 1.0 
963919872 1.5 
964149248 2.0 
964165632 2.5 
964767744 3.0 
964763648 3.5 
967016448 4.0 
999833600 4.5 
1038815232 5.0 
1072898048 5.5 
1112457216 6.0 
1148268544 6.5 
1184862208 7.0 
1214246912 7.5 
1239515136 8.0 
1264599040 8.5 
1294024704 9.0 
1334841344 9.5 
1373188096 10.0 
1409339392 10.5 
1443725312 11.0 
1471975424 11.5 
1504100352 12.0 
1540034560 12.5 
1566285824 13.0 
1594740736 13.5 
1631391744 14.0 
1668087808 14.5 
1699069952 15.0 
1735073792 15.5 
1763135488 16.0 
1777610752 16.5 
1790521344 17.0 
966549504 17.5 
966549504 18.0 
966598656 18.5 
966598656 19.0 
966549504 19.5 
966549504 20.0 
966549504 20.5 
966549504 21.0 
# 2018-06-07 21:33:06
# Total memory: 3764.58 MiB
966320128 0.0 
966447104 0.5 
966447104 1.0 
966615040 1.5 
966615040 2.0 
966615040 2.5 
967122944 3.0 
967122944 3.5 
969793536 4.0 
1003819008 4.5 
1045143552 5.0 
1081839616 5.5 
1119043584 6.0 
1160310784 6.5 
1198026752 7.0 
1235992576 7.5 
1277075456 8.0 
1314304000 8.5 
1350610944 9.0 
1387307008 9.5 
1422413824 10.0 
1463111680 10.5 
1500819456 11.0 
1537388544 11.5 
1571356672 12.0 
1607233536 12.5 
1645830144 13.0 
1685827584 13.5 
1723731968 14.0 
1764298752 14.5 
1764298752 15.0 
1805312000 15.5 
967589888 16.0 
967323648 16.5 
967323648 17.0 
967323648 17.5 
967323648 18.0 
967577600 18.5 
967577600 19.0 
967577600 19.5 
# 2018-06-07 21:34:06
# Total memory: 3764.58 MiB
968077312 0.0 
968077312 0.5 
968208384 1.0 
968359936 1.5 
968343552 2.0 
968335360 2.5 
968716288 3.0 
968716288 3.5 
972525568 4.0 
1001349120 4.5 
1037533184 5.0 
1074372608 5.5 
1114357760 6.0 
1151938560 6.5 
1187946496 7.0 
1229594624 7.5 
1267367936 8.0 
1305583616 8.5 
1346031616 9.0 
1384378368 9.5 
1422024704 10.0 
1463103488 10.5 
1500815360 11.0 
1539035136 11.5 
1581002752 12.0 
1618903040 12.5 
1657249792 13.0 
1698516992 13.5 
1736744960 14.0 
1766072320 14.5 
1777881088 15.0 
1793011712 15.5 
969232384 16.0 
968855552 16.5 
968835072 17.0 
968818688 17.5 
968835072 18.0 
968708096 18.5 
968708096 19.0 
968724480 19.5 
# 2018-06-07 21:38:06
# Total memory: 3764.58 MiB
966672384 0.0 
966664192 0.5 
966664192 1.0 
966672384 1.5 
966660096 2.0 
966660096 2.5 
967434240 3.0 
967434240 3.5 
969523200 4.0 
999485440 4.5 
1031483392 5.0 
1064435712 5.5 
1100877824 6.0 
1137192960 6.5 
1173807104 7.0 
1210822656 7.5 
1238245376 8.0 
1276084224 8.5 
1311948800 9.0 
1350930432 9.5 
1386676224 10.0 
1422356480 10.5 
1458548736 11.0 
1492324352 11.5 
1525661696 12.0 
1560326144 12.5 
1597313024 13.0 
1639337984 13.5 
1676800000 14.0 
1714892800 14.5 
1756037120 15.0 
1764540416 15.5 
1796636672 16.0 
1791041536 16.5 
968081408 17.0 
968069120 17.5 
968069120 18.0 
968151040 18.5 
968069120 19.0 
968069120 19.5 
968069120 20.0 
968069120 20.5 
# 2018-06-07 21:39:06
# Total memory: 3764.58 MiB
967524352 0.0 
967102464 0.5 
967229440 1.0 
967229440 1.5 
967229440 2.0 
967483392 2.5 
967483392 3.0 
967483392 3.5 
969768960 4.0 
998834176 4.5 
1037950976 5.0 
1074581504 5.5 
1115086848 6.0 
1152991232 6.5 
1190645760 7.0 
1231781888 7.5 
1269874688 8.0 
1307525120 8.5 
1348608000 9.0 
1386188800 9.5 
1421996032 10.0 
1461866496 10.5 
1499955200 11.0 
1538117632 11.5 
1579384832 12.0 
1616781312 12.5 
1654362112 13.0 
1696198656 13.5 
1734291456 14.0 
1764573184 14.5 
1774858240 15.0 
1791778816 15.5 
967614464 16.0 
967598080 16.5 
967598080 17.0 
967598080 17.5 
967622656 18.0 
967471104 18.5 
967471104 19.0 
967471104 19.5 
# 2018-06-07 21:40:06
# Total memory: 3764.58 MiB
966823936 0.0 
967077888 0.5 
967077888 1.0 
967077888 1.5 
967077888 2.0 
967569408 2.5 
967569408 3.0 
967581696 3.5 
969740288 4.0 
997666816 4.5 
1032339456 5.0 
1067954176 5.5 
1107570688 6.0 
1134432256 6.5 
1170108416 7.0 
1208524800 7.5 
1247506432 8.0 
1289449472 8.5 
1328488448 9.0 
1366958080 9.5 
1409241088 10.0 
1447903232 10.5 
1487081472 11.0 
1527709696 11.5 
1565675520 12.0 
1602252800 12.5 
1644277760 13.0 
1683386368 13.5 
1721733120 14.0 
1763893248 14.5 
1764651008 15.0 
1807568896 15.5 
968077312 16.0 
967929856 16.5 
967929856 17.0 
967929856 17.5 
967876608 18.0 
967802880 18.5 
967802880 19.0 
967802880 19.5 
# 2018-06-07 21:41:07
# Total memory: 3764.58 MiB
967237632 0.0 
967098368 0.5 
967114752 1.0 
967090176 1.5 
967090176 2.0 
967901184 2.5 
967901184 3.0 
967847936 3.5 
969879552 4.0 
997044224 4.5 
1036279808 5.0 
1071009792 5.5 
1110118400 6.0 
1147260928 6.5 
1184915456 7.0 
1226432512 7.5 
1264144384 8.0 
1298751488 8.5 
1340084224 9.0 
1377660928 9.5 
1414991872 10.0 
1455628288 10.5 
1493843968 11.0 
1531555840 11.5 
1572950016 12.0 
1610182656 12.5 
1648754688 13.0 
1690021888 13.5 
1727631360 14.0 
1761640448 14.5 
1768243200 15.0 
1810321408 15.5 
965677056 16.0 
965550080 16.5 
965558272 17.0 
965550080 17.5 
965574656 18.0 
965541888 18.5 
965541888 19.0 
965558272 19.5 
# 2018-06-07 21:42:07
# Total memory: 3764.58 MiB
967106560 0.0 
967098368 0.5 
967106560 1.0 
967106560 1.5 
967106560 2.0 
967360512 2.5 
967360512 3.0 
967360512 3.5 
969895936 4.0 
997580800 4.5 
1032613888 5.0 
1067220992 5.5 
1108996096 6.0 
1143406592 6.5 
1178898432 7.0 
1219018752 7.5 
1254350848 8.0 
1291554816 8.5 
1326477312 9.0 
1357205504 9.5 
1396006912 10.0 
1433956352 10.5 
1471864832 11.0 
1512624128 11.5 
1550278656 12.0 
1587978240 12.5 
1629310976 13.0 
1666895872 13.5 
1705185280 14.0 
1745629184 14.5 
1764167680 15.0 
1786638336 15.5 
1791074304 16.0 
967585792 16.5 
967565312 17.0 
967188480 17.5 
967196672 18.0 
967098368 18.5 
967000064 19.0 
967000064 19.5 
967049216 20.0 
# 2018-06-07 21:43:07
# Total memory: 3764.58 MiB
967032832 0.0 
967159808 0.5 
967102464 1.0 
967102464 1.5 
967356416 2.0 
967483392 2.5 
967483392 3.0 
967479296 3.5 
970027008 4.0 
1000505344 4.5 
1039917056 5.0 
1077248000 5.5 
1114771456 6.0 
1150197760 6.5 
1184600064 7.0 
1223081984 7.5 
1258389504 8.0 
1296224256 8.5 
1337872384 9.0 
1376481280 9.5 
1415081984 10.0 
1456922624 10.5 
1495773184 11.0 
1534754816 11.5 
1576849408 12.0 
1615388672 12.5 
1654370304 13.0 
1696907264 13.5 
1735225344 14.0 
1764548608 14.5 
1777119232 15.0 
1791668224 15.5 
967827456 16.0 
967827456 16.5 
967827456 17.0 
967344128 17.5 
967319552 18.0 
967315456 18.5 
967315456 19.0 
967315456 19.5 
# 2018-06-07 21:44:07
# Total memory: 3764.58 MiB
967106560 0.0 
967106560 0.5 
966938624 1.0 
966938624 1.5 
967544832 2.0 
967544832 2.5 
967561216 3.0 
967557120 3.5 
969826304 4.0 
998260736 4.5 
1030385664 5.0 
1066573824 5.5 
1108033536 6.0 
1146064896 6.5 
1183903744 7.0 
1225805824 7.5 
1263874048 8.0 
1302089728 8.5 
1343991808 9.0 
1381957632 9.5 
1419898880 10.0 
1461735424 10.5 
1500209152 11.0 
1538048000 11.5 
1580015616 12.0 
1618427904 12.5 
1656774656 13.0 
1698803712 13.5 
1735884800 14.0 
1764450304 14.5 
1777909760 15.0 
1791725568 15.5 
967868416 16.0 
967856128 16.5 
967856128 17.0 
967385088 17.5 
967348224 18.0 
967348224 18.5 
967340032 19.0 
967340032 19.5 
# 2018-06-07 21:45:07
# Total memory: 3764.58 MiB
969216000 0.0 
968949760 0.5 
969076736 1.0 
969076736 1.5 
969711616 2.0 
969711616 2.5 
969711616 3.0 
969707520 3.5 
971612160 4.0 
1002082304 4.5 
1038278656 5.0 
1065508864 5.5 
1103822848 6.0 
1141731328 6.5 
1179635712 7.0 
1222041600 7.5 
1260134400 8.0 
1297530880 8.5 
1338994688 9.0 
1377210368 9.5 
1415176192 10.0 
1456128000 10.5 
1494032384 11.0 
1532448768 11.5 
1574096896 12.0 
1612759040 12.5 
1650978816 13.0 
1692307456 13.5 
1730273280 14.0 
1766404096 14.5 
1771225088 15.0 
1812815872 15.5 
969822208 16.0 
969805824 16.5 
969830400 17.0 
969678848 17.5 
969670656 18.0 
969646080 18.5 
969641984 19.0 
969641984 19.5 
# 2018-06-07 21:46:07
# Total memory: 3764.58 MiB
969379840 0.0 
970743808 0.5 
970997760 1.0 
970989568 1.5 
971354112 2.0 
971362304 2.5 
971362304 3.0 
971350016 3.5 
973381632 4.0 
1001308160 4.5 
1039536128 5.0 
1075654656 5.5 
1116921856 6.0 
1154826240 6.5 
1191972864 7.0 
1233330176 7.5 
1271169024 8.0 
1308819456 8.5 
1350156288 9.0 
1387356160 9.5 
1425575936 10.0 
1467105280 10.5 
1504686080 11.0 
1542144000 11.5 
1583792128 12.0 
1621315584 12.5 
1659154432 13.0 
1693822976 13.5 
1731915776 14.0 
1768042496 14.5 
1773678592 15.0 
1815089152 15.5 
971964416 16.0 
971952128 16.5 
971489280 17.0 
971444224 17.5 
971444224 18.0 
971444224 18.5 
971444224 19.0 
971444224 19.5 
# 2018-06-07 21:47:07
# Total memory: 3764.58 MiB
971550720 0.0 
971669504 0.5 
971669504 1.0 
971665408 1.5 
972046336 2.0 
972046336 2.5 
972046336 3.0 
972046336 3.5 
974331904 4.0 
1002135552 4.5 
1035018240 5.0 
1069629440 5.5 
1108619264 6.0 
1142583296 6.5 
1178390528 7.0 
1210060800 7.5 
1246511104 8.0 
1283903488 8.5 
1317421056 9.0 
1355325440 9.5 
1392775168 10.0 
1430679552 10.5 
1471250432 11.0 
1506295808 11.5 
1542356992 12.0 
1584451584 12.5 
1621467136 13.0 
1658413056 13.5 
1693270016 14.0 
1729077248 14.5 
1769308160 15.0 
1770151936 15.5 
1811800064 16.0 
972300288 16.5 
971907072 17.0 
971898880 17.5 
971898880 18.0 
971907072 18.5 
971907072 19.0 
971907072 19.5 
972361728 20.0 
# 2018-06-07 21:48:08
# Total memory: 3764.58 MiB
971505664 0.0 
971558912 0.5 
971812864 1.0 
971829248 1.5 
972218368 2.0 
972193792 2.5 
972177408 3.0 
972189696 3.5 
974475264 4.0 
1004691456 4.5 
1043038208 5.0 
1075486720 5.5 
1110786048 6.0 
1145901056 6.5 
1184628736 7.0 
1226039296 7.5 
1264328704 8.0 
1302671360 8.5 
1344192512 9.0 
1381842944 9.5 
1420378112 10.0 
1462407168 10.5 
1500626944 11.0 
1538473984 11.5 
1579864064 12.0 
1618210816 12.5 
1656557568 13.0 
1697443840 13.5 
1735479296 14.0 
1768996864 14.5 
1777807360 15.0 
1813504000 15.5 
971894784 16.0 
971894784 16.5 
972091392 17.0 
972148736 17.5 
972148736 18.0 
972148736 18.5 
972148736 19.0 
972140544 19.5 
# 2018-06-07 21:49:08
# Total memory: 3764.58 MiB
971309056 0.0 
971436032 0.5 
971718656 1.0 
972226560 1.5 
972226560 2.0 
972226560 2.5 
972226560 3.0 
972238848 3.5 
974381056 4.0 
1005740032 4.5 
1036722176 5.0 
1067147264 5.5 
1100787712 6.0 
1137864704 6.5 
1178972160 7.0 
1215795200 7.5 
1253068800 8.0 
1293193216 8.5 
1329954816 9.0 
1367285760 9.5 
1408425984 10.0 
1445818368 10.5 
1483091968 11.0 
1523724288 11.5 
1561079808 12.0 
1598263296 12.5 
1638637568 13.0 
1675010048 13.5 
1712214016 14.0 
1750560768 14.5 
1769283584 15.0 
1780719616 15.5 
1795854336 16.0 
972578816 16.5 
972312576 17.0 
972312576 17.5 
972288000 18.0 
972312576 18.5 
972320768 19.0 
972251136 19.5 
972148736 20.0 
# 2018-06-07 21:50:08
# Total memory: 3764.58 MiB
972177408 0.0 
972177408 0.5 
972177408 1.0 
972550144 1.5 
972562432 2.0 
972562432 2.5 
972435456 3.0 
972435456 3.5 
974475264 4.0 
1004187648 4.5 
1037791232 5.0 
1069289472 5.5 
1109598208 6.0 
1148325888 6.5 
1185992704 7.0 
1227640832 7.5 
1263423488 8.0 
1296564224 8.5 
1328390144 9.0 
1363812352 9.5 
1404768256 10.0 
1442734080 10.5 
1479876608 11.0 
1521393664 11.5 
1559678976 12.0 
1598152704 12.5 
1639739392 13.0 
1677639680 13.5 
1715351552 14.0 
1757577216 14.5 
1769381888 15.0 
1799094272 15.5 
1796419584 16.0 
972787712 16.5 
972660736 17.0 
972660736 17.5 
972627968 18.0 
972627968 18.5 
972627968 19.0 
972472320 19.5 
972374016 20.0 
# 2018-06-07 21:51:08
# Total memory: 3764.58 MiB
972083200 0.0 
972201984 0.5 
972009472 1.0 
972558336 1.5 
972541952 2.0 
972541952 2.5 
972566528 3.0 
972562432 3.5 
974688256 4.0 
1004908544 4.5 
1044779008 5.0 
1081856000 5.5 
1120591872 6.0 
1162870784 6.5 
1201340416 7.0 
1237413888 7.5 
1278296064 8.0 
1317023744 8.5 
1355186176 9.0 
1396961280 9.5 
1435111424 10.0 
1473781760 10.5 
1515810816 11.0 
1554157568 11.5 
1592438784 12.0 
1632628736 12.5 
1671323648 13.0 
1709924352 13.5 
1751957504 14.0 
1766428672 14.5 
1794998272 15.0 
1793241088 15.5 
969961472 16.0 
969629696 16.5 
969588736 17.0 
969580544 17.5 
969576448 18.0 
969576448 18.5 
969576448 19.0 
970084352 19.5 
# 2018-06-07 21:52:08
# Total memory: 3764.58 MiB
970862592 0.0 
970862592 0.5 
970862592 1.0 
971370496 1.5 
971370496 2.0 
971370496 2.5 
971370496 3.0 
971366400 3.5 
973271040 4.0 
1001836544 4.5 
1037246464 5.0 
1070657536 5.5 
1108525056 6.0 
1146556416 6.5 
1184141312 7.0 
1225220096 7.5 
1261727744 8.0 
1296515072 8.5 
1335410688 9.0 
1373745152 9.5 
1413935104 10.0 
1452154880 10.5 
1489866752 11.0 
1531015168 11.5 
1568722944 12.0 
1606373376 12.5 
1647386624 13.0 
1685479424 13.5 
1723248640 14.0 
1765216256 14.5 
1768390656 15.0 
1806929920 15.5 
971677696 16.0 
971284480 16.5 
971284480 17.0 
971284480 17.5 
971284480 18.0 
971268096 18.5 
971411456 19.0 
971411456 19.5 
# 2018-06-07 21:53:08
# Total memory: 3764.58 MiB
971632640 0.0 
971382784 0.5 
971382784 1.0 
971763712 1.5 
971763712 2.0 
971763712 2.5 
971763712 3.0 
971759616 3.5 
974045184 4.0 
1006034944 4.5 
1041174528 5.0 
1065623552 5.5 
1104732160 6.0 
1134764032 6.5 
1170190336 7.0 
1208094720 7.5 
1246314496 8.0 
1287012352 8.5 
1323200512 9.0 
1360089088 9.5 
1398317056 10.0 
1430753280 10.5 
1467129856 11.0 
1502048256 11.5 
1536077824 12.0 
1576648704 12.5 
1601626112 13.0 
1636261888 13.5 
1671516160 14.0 
1709338624 14.5 
1742479360 15.0 
1768321024 15.5 
1780510720 16.0 
1795338240 16.5 
971993088 17.0 
971980800 17.5 
971980800 18.0 
971976704 18.5 
971849728 19.0 
971845632 19.5 
971845632 20.0 
971845632 20.5 
# 2018-06-07 21:54:08
# Total memory: 3764.58 MiB
971501568 0.0 
971423744 0.5 
972058624 1.0 
972107776 1.5 
972115968 2.0 
972050432 2.5 
972062720 3.0 
972046336 3.5 
974585856 4.0 
1003753472 4.5 
1044766720 5.0 
1080258560 5.5 
1119748096 6.0 
1153081344 6.5 
1186549760 7.0 
1224630272 7.5 
1260183552 8.0 
1296306176 8.5 
1336627200 9.0 
1373827072 9.5 
1413189632 10.0 
1442713600 10.5 
1478393856 11.0 
1515151360 11.5 
1550450688 12.0 
1590386688 12.5 
1624354816 13.0 
1662824448 13.5 
1705234432 14.0 
1739575296 14.5 
1768525824 15.0 
1775955968 15.5 
1816207360 16.0 
972378112 16.5 
972378112 17.0 
972378112 17.5 
972378112 18.0 
972386304 18.5 
972173312 19.0 
972124160 19.5 
972124160 20.0 
# 2018-06-07 21:55:09
# Total memory: 3764.58 MiB
971759616 0.0 
971599872 0.5 
971980800 1.0 
971980800 1.5 
971980800 2.0 
971980800 2.5 
971976704 3.0 
971976704 3.5 
974135296 4.0 
999653376 4.5 
1025810432 5.0 
1051840512 5.5 
1076727808 6.0 
1103978496 6.5 
1132482560 7.0 
1161809920 7.5 
1195458560 8.0 
1224871936 8.5 
1255034880 9.0 
1287774208 9.5 
1321365504 10.0 
1351712768 10.5 
1381298176 11.0 
1414373376 11.5 
1451958272 12.0 
1482240000 12.5 
1521729536 13.0 
1557544960 13.5 
1594687488 14.0 
1627652096 14.5 
1663946752 15.0 
1702866944 15.5 
1737854976 16.0 
1766297600 16.5 
1768837120 17.0 
1802473472 17.5 
971866112 18.0 
972079104 18.5 
972587008 19.0 
972603392 19.5 
972603392 20.0 
972587008 20.5 
972587008 21.0 
972587008 21.5 
# 2018-06-07 21:56:09
# Total memory: 3764.58 MiB
971546624 0.0 
971673600 0.5 
972308480 1.0 
972308480 1.5 
972308480 2.0 
972300288 2.5 
972271616 3.0 
972263424 3.5 
974303232 4.0 
1003126784 4.5 
1040199680 5.0 
1075568640 5.5 
1117478912 6.0 
1154916352 6.5 
1193160704 7.0 
1235062784 7.5 
1273352192 8.0 
1311698944 8.5 
1353662464 9.0 
1391820800 9.5 
1430167552 10.0 
1471942656 10.5 
1510350848 11.0 
1548640256 11.5 
1590161408 12.0 
1624952832 12.5 
1651929088 13.0 
1690099712 13.5 
1729830912 14.0 
1768812544 14.5 
1771163648 15.0 
1807183872 15.5 
972042240 16.0 
972042240 16.5 
972029952 17.0 
972021760 17.5 
972029952 18.0 
971689984 18.5 
971649024 19.0 
971632640 19.5 
# 2018-06-07 21:57:09
# Total memory: 3764.58 MiB
971280384 0.0 
971784192 0.5 
971911168 1.0 
971911168 1.5 
971911168 2.0 
971911168 2.5 
971911168 3.0 
971919360 3.5 
974192640 4.0 
1000607744 4.5 
1032593408 5.0 
1068724224 5.5 
1110880256 6.0 
1148846080 6.5 
1186058240 7.0 
1227829248 7.5 
1265795072 8.0 
1304268800 8.5 
1345667072 9.0 
1384263680 9.5 
1422172160 10.0 
1463947264 10.5 
1502609408 11.0 
1540259840 11.5 
1581776896 12.0 
1619361792 12.5 
1657769984 13.0 
1698848768 13.5 
1731604480 14.0 
1768546304 14.5 
1768493056 15.0 
1807671296 15.5 
972165120 16.0 
972165120 16.5 
972152832 17.0 
972152832 17.5 
972144640 18.0 
971956224 18.5 
972017664 19.0 
971898880 19.5 
# 2018-06-07 21:58:09
# Total memory: 3764.58 MiB
976740352 0.0 
977203200 0.5 
977203200 1.0 
977203200 1.5 
977199104 2.0 
977199104 2.5 
977199104 3.0 
977199104 3.5 
980881408 4.0 
1011101696 4.5 
1039417344 5.0 
1065701376 5.5 
1097891840 6.0 
1132625920 6.5 
1163726848 7.0 
1189318656 7.5 
1223221248 8.0 
1258139648 8.5 
1296166912 9.0 
1332932608 9.5 
1360740352 10.0 
1390325760 10.5 
1421750272 11.0 
1456160768 11.5 
1489555456 12.0 
1525997568 12.5 
1558503424 13.0 
1585930240 13.5 
1612713984 14.0 
1643823104 14.5 
1676595200 15.0 
1714307072 15.5 
1743003648 16.0 
1774112768 16.5 
1780908032 17.0 
1820848128 17.5 
977346560 18.0 
977346560 18.5 
977330176 19.0 
977305600 19.5 
977346560 20.0 
977371136 20.5 
977330176 21.0 
977338368 21.5 
# 2018-06-07 21:59:09
# Total memory: 3764.58 MiB
976764928 0.0 
977080320 0.5 
977076224 1.0 
977203200 1.5 
977203200 2.0 
977211392 2.5 
977207296 3.0 
977207296 3.5 
979492864 4.0 
1009704960 4.5 
1046147072 5.0 
1083420672 5.5 
1124687872 6.0 
1163608064 6.5 
1201385472 7.0 
1242906624 7.5 
1282015232 8.0 
1320808448 8.5 
1361125376 9.0 
1399980032 9.5 
1438580736 10.0 
1479278592 10.5 
1518895104 11.0 
1545220096 11.5 
1583828992 12.0 
1617813504 12.5 
1656033280 13.0 
1696411648 13.5 
1734758400 14.0 
1774444544 14.5 
1776476160 15.0 
1807454208 15.5 
1801199616 16.0 
977571840 16.5 
977575936 17.0 
977551360 17.5 
977424384 18.0 
977424384 18.5 
977424384 19.0 
977416192 19.5 
977416192 20.0 
# 2018-06-07 22:00:09
# Total memory: 3764.58 MiB
976183296 0.0 
977231872 0.5 
977231872 1.0 
977219584 1.5 
977219584 2.0 
977235968 2.5 
977227776 3.0 
977235968 3.5 
979537920 4.0 
1005420544 4.5 
1038180352 5.0 
1072156672 5.5 
1111646208 6.0 
1148903424 6.5 
1185726464 7.0 
1226932224 7.5 
1265983488 8.0 
1297088512 8.5 
1332133888 9.0 
1361022976 9.5 
1396518912 10.0 
1434480640 10.5 
1476128768 11.0 
1514541056 11.5 
1552826368 12.0 
1595359232 12.5 
1633325056 13.0 
1671671808 13.5 
1713569792 14.0 
1751916544 14.5 
1774518272 15.0 
1793597440 15.5 
1801179136 16.0 
977715200 16.5 
977715200 17.0 
977575936 17.5 
977575936 18.0 
977571840 18.5 
977571840 19.0 
977571840 19.5 
977571840 20.0 
# 2018-06-07 22:01:10
# Total memory: 3764.58 MiB
976867328 0.0 
977575936 0.5 
977719296 1.0 
977702912 1.5 
977702912 2.0 
977702912 2.5 
977698816 3.0 
977698816 3.5 
979972096 4.0 
1010700288 4.5 
1050890240 5.0 
1088729088 5.5 
1127710720 6.0 
1170444288 6.5 
1197178880 7.0 
1229553664 7.5 
1265106944 8.0 
1302245376 8.5 
1344598016 9.0 
1384079360 9.5 
1423314944 10.0 
1465860096 10.5 
1505349632 11.0 
1538617344 11.5 
1579122688 12.0 
1618071552 12.5 
1657049088 13.0 
1700024320 13.5 
1738878976 14.0 
1774604288 14.5 
1774604288 15.0 
1806852096 15.5 
1801666560 16.0 
978145280 16.5 
978145280 17.0 
978145280 17.5 
978145280 18.0 
978128896 18.5 
978128896 19.0 
978145280 19.5 
978153472 20.0 
# 2018-06-07 22:02:10
# Total memory: 3764.58 MiB
976805888 0.0 
977162240 0.5 
977108992 1.0 
977108992 1.5 
977215488 2.0 
977215488 2.5 
977223680 3.0 
977215488 3.5 
979886080 4.0 
1009217536 4.5 
1044885504 5.0 
1080254464 5.5 
1119350784 6.0 
1155665920 6.5 
1191956480 7.0 
1231822848 7.5 
1268334592 8.0 
1304391680 8.5 
1344331776 9.0 
1380773888 9.5 
1420451840 10.0 
1456893952 10.5 
1493278720 11.0 
1532768256 11.5 
1568256000 12.0 
1604640768 12.5 
1643868160 13.0 
1679998976 13.5 
1716436992 14.0 
1755869184 14.5 
1774911488 15.0 
1795100672 15.5 
1801998336 16.0 
978202624 16.5 
978063360 17.0 
977891328 17.5 
977936384 18.0 
977936384 18.5 
977833984 19.0 
977833984 19.5 
977809408 20.0 
# 2018-06-07 22:03:10
# Total memory: 3764.58 MiB
977604608 0.0 
977731584 0.5 
977592320 1.0 
977592320 1.5 
977608704 2.0 
977608704 2.5 
977571840 3.0 
977571840 3.5 
979865600 4.0 
1008545792 4.5 
1045377024 5.0 
1082023936 5.5 
1123282944 6.0 
1161248768 6.5 
1199157248 7.0 
1239789568 7.5 
1277501440 8.0 
1315340288 8.5 
1356677120 9.0 
1394388992 9.5 
1431908352 10.0 
1473245184 10.5 
1510952960 11.0 
1548791808 11.5 
1589612544 12.0 
1627648000 12.5 
1665269760 13.0 
1706663936 13.5 
1744310272 14.0 
1774780416 14.5 
1785319424 15.0 
1802051584 15.5 
978182144 16.0 
978182144 16.5 
978190336 17.0 
978055168 17.5 
978055168 18.0 
978038784 18.5 
977969152 19.0 
977944576 19.5 
# 2018-06-07 22:04:10
# Total memory: 3764.58 MiB
977469440 0.0 
977686528 0.5 
977686528 1.0 
977686528 1.5 
977653760 2.0 
977653760 2.5 
977653760 3.0 
977653760 3.5 
980066304 4.0 
1009139712 4.5 
1046962176 5.0 
1082769408 5.5 
1122779136 6.0 
1158963200 6.5 
1195151360 7.0 
1235148800 7.5 
1271599104 8.0 
1308164096 8.5 
1347977216 9.0 
1384800256 9.5 
1421422592 10.0 
1461166080 10.5 
1491836928 11.0 
1521295360 11.5 
1555771392 12.0 
1595891712 12.5 
1631334400 13.0 
1667141632 13.5 
1707507712 14.0 
1743888384 14.5 
1775374336 15.0 
1785532416 15.5 
1802567680 16.0 
978665472 16.5 
978653184 17.0 
978341888 17.5 
978399232 18.0 
978399232 18.5 
978530304 19.0 
978530304 19.5 
978583552 20.0 
# 2018-06-07 22:05:10
# Total memory: 3764.58 MiB
977764352 0.0 
978018304 0.5 
978018304 1.0 
978145280 1.5 
978145280 2.0 
978141184 2.5 
978141184 3.0 
978141184 3.5 
981057536 4.0 
1010769920 4.5 
1051156480 5.0 
1078448128 5.5 
1110904832 6.0 
1139855360 6.5 
1179529216 7.0 
1217564672 7.5 
1255399424 8.0 
1296666624 8.5 
1333112832 9.0 
1371963392 9.5 
1414373376 10.0 
1452847104 10.5 
1491202048 11.0 
1533227008 11.5 
1572151296 12.0 
1610117120 12.5 
1651789824 13.0 
1690587136 13.5 
1729437696 14.0 
1771212800 14.5 
1775595520 15.0 
1814007808 15.5 
979009536 16.0 
978907136 16.5 
978870272 17.0 
978665472 17.5 
978616320 18.0 
978616320 18.5 
978616320 19.0 
978632704 19.5 
# 2018-06-07 22:06:10
# Total memory: 3764.58 MiB
977920000 0.0 
977907712 0.5 
977907712 1.0 
977899520 1.5 
977899520 2.0 
977899520 2.5 
977895424 3.0 
977895424 3.5 
980942848 4.0 
1010647040 4.5 
1045827584 5.0 
1083088896 5.5 
1124483072 6.0 
1164099584 6.5 
1202327552 7.0 
1242574848 7.5 
1283334144 8.0 
1321365504 8.5 
1360666624 9.0 
1400860672 9.5 
1438953472 10.0 
1476853760 10.5 
1509867520 11.0 
1537359872 11.5 
1569611776 12.0 
1599197184 12.5 
1640468480 13.0 
1679069184 13.5 
1710940160 14.0 
1738870784 14.5 
1770557440 15.0 
1773727744 15.5 
1805090816 16.0 
1800712192 16.5 
977145856 17.0 
976879616 17.5 
977006592 18.0 
977002496 18.5 
977002496 19.0 
977002496 19.5 
977002496 20.0 
977002496 20.5 
# 2018-06-07 22:07:11
# Total memory: 3764.58 MiB
977051648 0.0 
976646144 0.5 
976637952 1.0 
976646144 1.5 
976654336 2.0 
976658432 2.5 
976633856 3.0 
976642048 3.5 
979943424 4.0 
1007747072 4.5 
1042673664 5.0 
1077526528 5.5 
1109397504 6.0 
1137467392 6.5 
1169465344 7.0 
1202225152 7.5 
1240698880 8.0 
1276125184 8.5 
1304694784 9.0 
1334661120 9.5 
1367420928 10.0 
1404375040 10.5 
1438912512 11.0 
1478656000 11.5 
1509511168 12.0 
1537921024 12.5 
1577156608 13.0 
1613852672 13.5 
1654738944 14.0 
1690931200 14.5 
1718104064 15.0 
1748013056 15.5 
1774039040 16.0 
1779118080 16.5 
1811292160 17.0 
1297268736 17.5 
977457152 18.0 
977444864 18.5 
977444864 19.0 
977412096 19.5 
977412096 20.0 
977309696 20.5 
977309696 21.0 
977285120 21.5 
# 2018-06-07 22:08:01
# Total memory: 3764.58 MiB
986722304 0.0 
990023680 0.5 
996024320 1.0 
977313792 1.5 
977395712 2.0 
977432576 2.5 
977416192 3.0 
977416192 3.5 
979955712 4.0 
1007386624 4.5 
1040789504 5.0 
1076580352 5.5 
1116401664 6.0 
1152528384 6.5 
1188405248 7.0 
1226625024 7.5 
1262559232 8.0 
1301983232 8.5 
1336991744 9.0 
1373179904 9.5 
1413431296 10.0 
1449680896 10.5 
1486192640 11.0 
1526444032 11.5 
1563459584 12.0 
1598246912 12.5 
1633353728 13.0 
1661919232 13.5 
1695379456 14.0 
1724837888 14.5 
1763381248 15.0 
1774551040 15.5 
1796263936 16.0 
1801547776 16.5 
978182144 17.0 
978079744 17.5 
978104320 18.0 
978104320 18.5 
978079744 19.0 
977952768 19.5 
977952768 20.0 
977952768 20.5 
# 2018-06-07 22:09:01
# Total memory: 3764.58 MiB
987197440 0.0 
994369536 0.5 
975982592 1.0 
975982592 1.5 
975982592 2.0 
975982592 2.5 
975994880 3.0 
975994880 3.5 
979685376 4.0 
1017778176 4.5 
1058459648 5.0 
1095536640 5.5 
1133121536 6.0 
1174896640 6.5 
1210458112 7.0 
1247277056 7.5 
1288749056 8.0 
1326968832 8.5 
1364877312 9.0 
1405833216 9.5 
1443540992 10.0 
1481125888 10.5 
1522204672 11.0 
1559605248 11.5 
1597440000 12.0 
1637945344 12.5 
1675407360 13.0 
1713623040 13.5 
1755652096 14.0 
1773174784 14.5 
1796984832 15.0 
1799995392 15.5 
976531456 16.0 
976531456 16.5 
976486400 17.0 
976486400 17.5 
976445440 18.0 
976453632 18.5 
976220160 19.0 
976220160 19.5 
# 2018-06-07 22:10:01
# Total memory: 3764.58 MiB
987926528 0.0 
995610624 0.5 
976371712 1.0 
976371712 1.5 
976334848 2.0 
976334848 2.5 
976384000 3.0 
976384000 3.5 
978968576 4.0 
1008816128 4.5 
1049739264 5.0 
1086562304 5.5 
1116086272 6.0 
1146376192 6.5 
1182818304 7.0 
1220911104 7.5 
1258344448 8.0 
1299357696 8.5 
1336434688 9.0 
1371979776 9.5 
1410842624 10.0 
1446391808 10.5 
1482522624 11.0 
1523662848 11.5 
1560932352 12.0 
1598382080 12.5 
1638322176 13.0 
1675653120 13.5 
1714696192 14.0 
1750593536 14.5 
1773424640 15.0 
1784725504 15.5 
1819336704 16.0 
976740352 16.5 
976572416 17.0 
976572416 17.5 
976556032 18.0 
977162240 18.5 
976953344 19.0 
976961536 19.5 
976953344 20.0 
# 2018-06-07 22:11:01
# Total memory: 3764.58 MiB
996892672 0.0 
995655680 0.5 
976560128 1.0 
976560128 1.5 
976568320 2.0 
976568320 2.5 
976556032 3.0 
976556032 3.5 
978644992 4.0 
1005977600 4.5 
1038237696 5.0 
1074360320 5.5 
1116262400 6.0 
1155059712 6.5 
1193975808 7.0 
1236004864 7.5 
1264955392 8.0 
1294225408 8.5 
1329467392 9.0 
1360699392 9.5 
1398480896 10.0 
1437081600 10.5 
1478221824 11.0 
1516060672 11.5 
1545809920 12.0 
1587924992 12.5 
1627160576 13.0 
1666842624 13.5 
1699508224 14.0 
1738305536 14.5 
1764462592 15.0 
1782362112 15.5 
1791115264 16.0 
967753728 16.5 
967753728 17.0 
967733248 17.5 
967733248 18.0 
967733248 18.5 
967409664 19.0 
967225344 19.5 
967225344 20.0 
# 2018-06-07 22:12:01
# Total memory: 3764.58 MiB
988352512 0.0 
988741632 0.5 
968052736 1.0 
968052736 1.5 
968232960 2.0 
968101888 2.5 
968101888 3.0 
968101888 3.5 
970678272 4.0 
999174144 4.5 
1035481088 5.0 
1071542272 5.5 
1111564288 6.0 
1148760064 6.5 
1186717696 7.0 
1227603968 7.5 
1264812032 8.0 
1296805888 8.5 
1329565696 9.0 
1367658496 9.5 
1408061440 10.0 
1446023168 10.5 
1483354112 11.0 
1524645888 11.5 
1562337280 12.0 
1599860736 12.5 
1641123840 13.0 
1680740352 13.5 
1719406592 14.0 
1762140160 14.5 
1764929536 15.0 
1805561856 15.5 
968347648 16.0 
968335360 16.5 
968335360 17.0 
968335360 17.5 
968351744 18.0 
968462336 18.5 
968151040 19.0 
968159232 19.5 
# 2018-06-07 22:13:01
# Total memory: 3764.58 MiB
976834560 0.0 
967970816 0.5 
967970816 1.0 
967966720 1.5 
967991296 2.0 
967995392 2.5 
967979008 3.0 
967995392 3.5 
970268672 4.0 
998453248 4.5 
1030959104 5.0 
1066070016 5.5 
1108099072 6.0 
1146642432 6.5 
1185624064 7.0 
1227587584 7.5 
1266511872 8.0 
1305489408 8.5 
1348026368 9.0 
1386475520 9.5 
1425580032 10.0 
1467678720 10.5 
1506533376 11.0 
1545707520 11.5 
1579479040 12.0 
1612939264 12.5 
1649254400 13.0 
1680424960 13.5 
1710899200 14.0 
1749696512 14.5 
1764679680 15.0 
1785118720 15.5 
1791557632 16.0 
968347648 16.5 
968347648 17.0 
968462336 17.5 
968335360 18.0 
968335360 18.5 
967954432 19.0 
967946240 19.5 
967942144 20.0 
# 2018-06-07 22:14:01
# Total memory: 3764.58 MiB
981430272 0.0 
967102464 0.5 
967229440 1.0 
967135232 1.5 
967131136 2.0 
967131136 2.5 
967131136 3.0 
967131136 3.5 
969666560 4.0 
1000763392 4.5 
1042157568 5.0 
1078034432 5.5 
1115488256 6.0 
1155932160 6.5 
1193390080 7.0 
1231831040 7.5 
1270468608 8.0 
1307545600 8.5 
1348939776 9.0 
1385758720 9.5 
1423339520 10.0 
1464369152 10.5 
1501954048 11.0 
1538916352 11.5 
1580429312 12.0 
1617694720 12.5 
1655406592 13.0 
1692549120 13.5 
1722134528 14.0 
1762074624 14.5 
1763725312 15.0 
1802518528 15.5 
967393280 16.0 
967380992 16.5 
967380992 17.0 
967380992 17.5 
967380992 18.0 
967532544 18.5 
967225344 19.0 
967122944 19.5 
# 2018-06-07 22:15:02
# Total memory: 3764.58 MiB
989028352 0.0 
969486336 0.5 
969486336 1.0 
969494528 1.5 
969621504 2.0 
969613312 2.5 
969744384 3.0 
969752576 3.5 
971530240 4.0 
1000865792 4.5 
1036046336 5.0 
1072644096 5.5 
1113530368 6.0 
1151307776 6.5 
1189089280 7.0 
1230098432 7.5 
1267937280 8.0 
1305968640 8.5 
1347051520 9.0 
1385267200 9.5 
1422979072 10.0 
1464758272 10.5 
1503625216 11.0 
1541971968 11.5 
1583493120 12.0 
1622351872 12.5 
1661079552 13.0 
1703555072 13.5 
1742028800 14.0 
1766727680 14.5 
1784377344 15.0 
1793581056 15.5 
970080256 16.0 
969994240 16.5 
969994240 17.0 
969994240 17.5 
969994240 18.0 
969846784 18.5 
969846784 19.0 
969748480 19.5 
# 2018-06-07 22:16:02
# Total memory: 3764.58 MiB
969089024 0.0 
969089024 0.5 
969068544 1.0 
969068544 1.5 
969203712 2.0 
969203712 2.5 
969211904 3.0 
969211904 3.5 
972251136 4.0 
999424000 4.5 
1034076160 5.0 
1069961216 5.5 
1109950464 6.0 
1147027456 6.5 
1175908352 7.0 
1206452224 7.5 
1244033024 8.0 
1286189056 8.5 
1324417024 9.0 
1363140608 9.5 
1405042688 10.0 
1432342528 10.5 
1468555264 11.0 
1507024896 11.5 
1545568256 12.0 
1588105216 12.5 
1626509312 13.0 
1664475136 13.5 
1706582016 14.0 
1745055744 14.5 
1767075840 15.0 
1787392000 15.5 
1793753088 16.0 
970260480 16.5 
970227712 17.0 
970227712 17.5 
970227712 18.0 
970354688 18.5 
970362880 19.0 
970362880 19.5 
970354688 20.0 
# 2018-06-07 22:17:02
# Total memory: 3764.58 MiB
969838592 0.0 
969838592 0.5 
969773056 1.0 
969773056 1.5 
969773056 2.0 
969781248 2.5 
969904128 3.0 
969904128 3.5 
972148736 4.0 
998932480 4.5 
1031909376 5.0 
1061629952 5.5 
1097498624 6.0 
1128321024 6.5 
1167654912 7.0 
1201311744 7.5 
1235398656 8.0 
1274953728 8.5 
1312157696 9.0 
1349599232 9.5 
1383837696 10.0 
1419010048 10.5 
1458585600 11.0 
1497174016 11.5 
1535393792 12.0 
1577168896 12.5 
1615642624 13.0 
1654505472 13.5 
1696595968 14.0 
1734815744 14.5 
1767256064 15.0 
1776144384 15.5 
1794342912 16.0 
970551296 16.5 
970530816 17.0 
970539008 17.5 
970530816 18.0 
970522624 18.5 
970530816 19.0 
970539008 19.5 
970498048 20.0 
# 2018-06-07 22:18:02
# Total memory: 3764.58 MiB
971137024 0.0 
971137024 0.5 
971272192 1.0 
971264000 1.5 
971259904 2.0 
971259904 2.5 
971259904 3.0 
971751424 3.5 
974163968 4.0 
1006280704 4.5 
1039937536 5.0 
1072119808 5.5 
1110593536 6.0 
1140875264 6.5 
1177952256 7.0 
1217892352 7.5 
1255288832 8.0 
1296044032 8.5 
1333374976 9.0 
1370771456 9.5 
1411473408 10.0 
1449054208 10.5 
1486131200 11.0 
1527422976 11.5 
1564364800 12.0 
1601187840 12.5 
1640771584 13.0 
1675227136 13.5 
1711628288 14.0 
1752580096 14.5 
1768325120 15.0 
1792958464 15.5 
1795002368 16.0 
971603968 16.5 
971501568 17.0 
971476992 17.5 
971984896 18.0 
971984896 18.5 
971984896 19.0 
971984896 19.5 
971984896 20.0 
# 2018-06-07 22:19:02
# Total memory: 3764.58 MiB
971022336 0.0 
971014144 0.5 
971014144 1.0 
971014144 1.5 
971018240 2.0 
971018240 2.5 
971018240 3.0 
971018240 3.5 
973238272 4.0 
1002594304 4.5 
1037938688 5.0 
1074704384 5.5 
1115959296 6.0 
1153798144 6.5 
1190309888 7.0 
1231319040 7.5 
1269157888 8.0 
1307377664 8.5 
1348018176 9.0 
1386233856 9.5 
1423564800 10.0 
1464856576 10.5 
1502674944 11.0 
1540837376 11.5 
1583116288 12.0 
1622097920 12.5 
1661394944 13.0 
1704255488 13.5 
1743491072 14.0 
1768378368 14.5 
1786470400 15.0 
1795194880 15.5 
971730944 16.0 
971730944 16.5 
971714560 17.0 
971714560 17.5 
971685888 18.0 
971812864 18.5 
971714560 19.0 
971714560 19.5 
# 2018-06-07 22:20:02
# Total memory: 3764.58 MiB
971280384 0.0 
971407360 0.5 
971407360 1.0 
971440128 1.5 
971456512 2.0 
971456512 2.5 
971456512 3.0 
971419648 3.5 
973840384 4.0 
1000886272 4.5 
1036320768 5.0 
1069891584 5.5 
1108492288 6.0 
1145761792 6.5 
1182085120 7.0 
1222778880 7.5 
1259978752 8.0 
1294708736 8.5 
1331531776 9.0 
1368928256 9.5 
1402781696 10.0 
1441370112 10.5 
1479208960 11.0 
1517240320 11.5 
1555648512 12.0 
1594884096 12.5 
1637167104 13.0 
1675522048 13.5 
1712467968 14.0 
1754312704 14.5 
1768660992 15.0 
1796337664 15.5 
1795436544 16.0 
971948032 16.5 
971948032 17.0 
971935744 17.5 
972062720 18.0 
972062720 18.5 
972062720 19.0 
972062720 19.5 
972058624 20.0 
# 2018-06-07 22:21:02
# Total memory: 3764.58 MiB
970964992 0.0 
971071488 0.5 
971055104 1.0 
971182080 1.5 
971169792 2.0 
971169792 2.5 
971169792 3.0 
971726848 3.5 
972234752 4.0 
1001181184 4.5 
1040551936 5.0 
1077309440 5.5 
1117687808 6.0 
1154195456 6.5 
1192742912 7.0 
1234632704 7.5 
1273360384 8.0 
1311485952 8.5 
1351675904 9.0 
1386213376 9.5 
1420435456 10.0 
1462591488 10.5 
1500811264 11.0 
1537511424 11.5 
1576742912 12.0 
1612591104 12.5 
1651113984 13.0 
1693204480 13.5 
1732182016 14.0 
1768439808 14.5 
1773645824 15.0 
1814339584 15.5 
971595776 16.0 
971583488 16.5 
971583488 17.0 
971583488 17.5 
971608064 18.0 
971583488 18.5 
971583488 19.0 
971575296 19.5 
# 2018-06-07 22:22:03
# Total memory: 3764.58 MiB
971382784 0.0 
971161600 0.5 
971157504 1.0 
971157504 1.5 
971157504 2.0 
971141120 2.5 
971141120 3.0 
971386880 3.5 
973307904 4.0 
1000730624 4.5 
1038692352 5.0 
1075462144 5.5 
1116545024 6.0 
1154822144 6.5 
1193041920 7.0 
1234755584 7.5 
1273290752 8.0 
1311633408 8.5 
1353281536 9.0 
1391128576 9.5 
1429598208 10.0 
1469341696 10.5 
1507815424 11.0 
1545916416 11.5 
1587937280 12.0 
1621213184 12.5 
1651306496 13.0 
1693208576 13.5 
1731932160 14.0 
1768697856 14.5 
1774538752 15.0 
1816633344 15.5 
971984896 16.0 
971972608 16.5 
971972608 17.0 
971972608 17.5 
972099584 18.0 
972099584 18.5 
972099584 19.0 
972099584 19.5 
# 2018-06-07 22:23:03
# Total memory: 3764.58 MiB
971677696 0.0 
971931648 0.5 
971784192 1.0 
971784192 1.5 
971788288 2.0 
971788288 2.5 
971796480 3.0 
972046336 3.5 
974184448 4.0 
1004662784 4.5 
1043759104 5.0 
1080328192 5.5 
1119322112 6.0 
1159442432 6.5 
1198170112 7.0 
1237913600 7.5 
1278648320 8.0 
1316737024 8.5 
1355661312 9.0 
1394008064 9.5 
1432162304 10.0 
1473626112 10.5 
1513365504 11.0 
1552601088 11.5 
1592025088 12.0 
1634267136 12.5 
1673244672 13.0 
1712353280 13.5 
1754771456 14.0 
1768988672 14.5 
1797812224 15.0 
1795842048 15.5 
972288000 16.0 
972275712 16.5 
972267520 17.0 
972419072 17.5 
972644352 18.0 
972644352 18.5 
972644352 19.0 
972644352 19.5 
