# 2018-06-08 07:13:01
0.5 0.0
0.0 0.5
0.0 1.0
0.0 1.5
0.0 2.0
0.0 2.5
0.0 3.0
0.5 3.5
25.4 4.0
25.0 4.5
25.0 5.0
25.1 5.5
25.4 6.0
24.6 6.5
25.4 7.0
25.1 7.5
25.0 8.0
24.6 8.5
25.4 9.0
25.5 9.5
25.0 10.0
25.1 10.5
25.0 11.0
25.0 11.5
25.0 12.0
25.0 12.5
25.0 13.0
25.1 13.5
25.0 14.0
25.0 14.5
25.5 15.0
13.0 15.5
0.0 16.0
0.0 16.5
0.0 17.0
0.0 17.5
0.0 18.0
# 2018-06-08 07:14:01
0.5 0.0
0.0 0.5
0.0 1.0
0.0 1.5
0.0 2.0
0.5 2.5
0.0 3.0
0.5 3.5
25.0 4.0
25.0 4.5
25.1 5.0
24.7 5.5
25.1 6.0
25.4 6.5
25.4 7.0
25.1 7.5
25.0 8.0
24.6 8.5
25.4 9.0
25.1 9.5
25.0 10.0
25.0 10.5
25.4 11.0
25.0 11.5
25.0 12.0
25.4 12.5
25.0 13.0
25.0 13.5
9.1 14.0
0.0 14.5
0.0 15.0
0.5 15.5
1.5 16.0
0.0 16.5
0.5 17.0
0.0 17.5
0.0 18.0
# 2018-06-08 07:15:02
0.0 0.0
0.0 0.5
0.0 1.0
0.0 1.5
0.0 2.0
0.0 2.5
0.0 3.0
0.5 3.5
25.0 4.0
25.4 4.5
25.5 5.0
25.0 5.5
25.0 6.0
25.1 6.5
25.0 7.0
25.0 7.5
25.0 8.0
25.0 8.5
25.1 9.0
25.4 9.5
25.0 10.0
24.7 10.5
25.0 11.0
25.1 11.5
25.0 12.0
25.4 12.5
25.0 13.0
18.5 13.5
0.0 14.0
0.0 14.5
0.0 15.0
0.5 15.5
0.0 16.0
0.0 16.5
0.0 17.0
0.0 17.5
# 2018-06-08 07:16:01
0.5 0.0
0.0 0.5
0.0 1.0
0.0 1.5
0.0 2.0
0.0 2.5
0.0 3.0
0.5 3.5
25.0 4.0
25.1 4.5
25.0 5.0
24.6 5.5
25.0 6.0
25.4 6.5
25.5 7.0
25.0 7.5
25.0 8.0
25.1 8.5
25.0 9.0
25.4 9.5
25.0 10.0
25.1 10.5
25.0 11.0
25.0 11.5
25.5 12.0
24.7 12.5
25.4 13.0
12.0 13.5
0.0 14.0
0.0 14.5
0.5 15.0
0.0 15.5
1.5 16.0
0.0 16.5
0.0 17.0
0.0 17.5
# 2018-06-08 07:17:01
0.0 0.0
0.0 0.5
0.0 1.0
0.0 1.5
0.5 2.0
0.5 2.5
0.0 3.0
0.5 3.5
24.9 4.0
25.1 4.5
24.6 5.0
25.0 5.5
25.0 6.0
25.0 6.5
25.5 7.0
25.1 7.5
25.1 8.0
25.0 8.5
25.5 9.0
24.6 9.5
25.4 10.0
25.1 10.5
25.0 11.0
25.0 11.5
25.0 12.0
25.5 12.5
25.0 13.0
25.0 13.5
4.0 14.0
0.0 14.5
0.0 15.0
0.0 15.5
0.5 16.0
0.0 16.5
0.0 17.0
0.0 17.5
0.5 18.0
# 2018-06-08 07:18:01
0.0 0.0
0.5 0.5
0.0 1.0
0.0 1.5
0.0 2.0
0.5 2.5
0.0 3.0
0.0 3.5
25.4 4.0
25.1 4.5
25.1 5.0
25.4 5.5
25.0 6.0
25.1 6.5
25.0 7.0
25.1 7.5
25.4 8.0
24.7 8.5
25.4 9.0
25.4 9.5
24.6 10.0
25.4 10.5
25.0 11.0
24.6 11.5
25.5 12.0
25.0 12.5
25.5 13.0
24.9 13.5
17.5 14.0
0.0 14.5
0.5 15.0
1.0 15.5
0.0 16.0
0.0 16.5
0.5 17.0
0.0 17.5
0.0 18.0
# 2018-06-08 07:19:01
0.0 0.0
0.0 0.5
0.0 1.0
0.5 1.5
0.0 2.0
0.0 2.5
0.0 3.0
0.0 3.5
25.0 4.0
25.0 4.5
25.4 5.0
25.1 5.5
25.4 6.0
25.0 6.5
25.0 7.0
25.5 7.5
25.0 8.0
24.6 8.5
25.5 9.0
25.5 9.5
25.0 10.0
24.7 10.5
25.0 11.0
25.4 11.5
25.0 12.0
25.0 12.5
25.0 13.0
19.0 13.5
0.0 14.0
0.5 14.5
0.0 15.0
0.0 15.5
0.0 16.0
0.0 16.5
0.0 17.0
0.0 17.5
# 2018-06-08 07:20:01
0.0 0.0
0.0 0.5
0.0 1.0
0.0 1.5
0.0 2.0
0.5 2.5
0.0 3.0
0.5 3.5
25.5 4.0
24.6 4.5
25.5 5.0
25.0 5.5
25.0 6.0
25.0 6.5
25.0 7.0
25.0 7.5
25.0 8.0
25.1 8.5
25.0 9.0
24.7 9.5
25.4 10.0
25.0 10.5
25.0 11.0
25.4 11.5
25.0 12.0
25.5 12.5
25.0 13.0
17.4 13.5
0.0 14.0
0.0 14.5
0.0 15.0
0.0 15.5
0.0 16.0
1.0 16.5
0.0 17.0
0.0 17.5
# 2018-06-08 07:21:01
0.5 0.0
0.0 0.5
0.0 1.0
0.0 1.5
0.0 2.0
0.5 2.5
0.0 3.0
1.0 3.5
24.6 4.0
25.0 4.5
25.4 5.0
25.1 5.5
25.0 6.0
25.0 6.5
25.1 7.0
25.1 7.5
25.0 8.0
25.4 8.5
25.4 9.0
25.1 9.5
25.0 10.0
25.0 10.5
25.0 11.0
25.4 11.5
24.7 12.0
25.1 12.5
25.4 13.0
25.0 13.5
2.5 14.0
0.0 14.5
0.0 15.0
0.0 15.5
0.0 16.0
0.0 16.5
0.0 17.0
0.0 17.5
0.0 18.0
# 2018-06-08 07:22:01
0.0 0.0
0.0 0.5
0.0 1.0
0.0 1.5
0.0 2.0
0.0 2.5
0.0 3.0
0.5 3.5
24.6 4.0
25.4 4.5
25.4 5.0
25.0 5.5
25.0 6.0
25.5 6.5
25.0 7.0
25.0 7.5
25.0 8.0
25.4 8.5
25.5 9.0
24.7 9.5
25.1 10.0
25.1 10.5
25.0 11.0
25.0 11.5
25.4 12.0
25.1 12.5
25.0 13.0
22.9 13.5
0.0 14.0
0.0 14.5
0.0 15.0
0.0 15.5
0.0 16.0
2.0 16.5
0.0 17.0
0.0 17.5
# 2018-06-08 07:23:01
0.0 0.0
0.0 0.5
0.0 1.0
0.5 1.5
0.0 2.0
0.0 2.5
0.0 3.0
1.0 3.5
25.4 4.0
24.6 4.5
25.5 5.0
25.0 5.5
25.0 6.0
25.1 6.5
25.0 7.0
25.0 7.5
25.4 8.0
24.6 8.5
25.5 9.0
25.0 9.5
25.4 10.0
25.1 10.5
24.7 11.0
25.4 11.5
25.4 12.0
25.0 12.5
25.0 13.0
25.0 13.5
1.0 14.0
0.0 14.5
0.0 15.0
0.0 15.5
0.0 16.0
0.0 16.5
0.0 17.0
0.0 17.5
0.0 18.0
# 2018-06-08 07:24:01
0.0 0.0
0.0 0.5
0.5 1.0
0.0 1.5
0.0 2.0
0.0 2.5
0.0 3.0
0.0 3.5
25.4 4.0
25.0 4.5
25.0 5.0
25.1 5.5
25.5 6.0
25.0 6.5
25.0 7.0
25.1 7.5
25.0 8.0
25.1 8.5
25.5 9.0
24.6 9.5
25.0 10.0
25.5 10.5
25.0 11.0
25.0 11.5
25.0 12.0
25.0 12.5
25.0 13.0
25.1 13.5
1.0 14.0
0.0 14.5
0.0 15.0
0.0 15.5
0.0 16.0
0.0 16.5
0.0 17.0
2.0 17.5
0.0 18.0
# 2018-06-08 07:25:01
0.0 0.0
0.5 0.5
0.0 1.0
0.0 1.5
0.5 2.0
0.0 2.5
0.0 3.0
0.5 3.5
25.4 4.0
25.5 4.5
24.6 5.0
25.0 5.5
25.5 6.0
25.0 6.5
25.4 7.0
25.0 7.5
25.0 8.0
25.4 8.5
25.1 9.0
25.0 9.5
25.0 10.0
25.1 10.5
25.4 11.0
25.0 11.5
25.1 12.0
25.0 12.5
25.0 13.0
25.4 13.5
14.1 14.0
0.0 14.5
0.0 15.0
0.5 15.5
0.0 16.0
0.0 16.5
0.0 17.0
0.0 17.5
0.0 18.0
# 2018-06-08 07:26:01
0.0 0.0
0.0 0.5
0.0 1.0
0.0 1.5
0.0 2.0
0.0 2.5
0.0 3.0
1.0 3.5
25.1 4.0
25.0 4.5
25.0 5.0
25.1 5.5
25.0 6.0
25.1 6.5
25.4 7.0
24.6 7.5
25.4 8.0
25.1 8.5
25.0 9.0
25.0 9.5
25.4 10.0
25.1 10.5
25.0 11.0
25.1 11.5
25.1 12.0
25.5 12.5
25.0 13.0
20.5 13.5
0.0 14.0
0.0 14.5
0.0 15.0
0.0 15.5
0.0 16.0
0.0 16.5
0.0 17.0
2.0 17.5
# 2018-06-08 07:27:01
0.0 0.0
0.0 0.5
0.0 1.0
0.0 1.5
0.0 2.0
1.0 2.5
0.0 3.0
0.5 3.5
25.0 4.0
25.5 4.5
24.9 5.0
24.7 5.5
25.4 6.0
25.1 6.5
25.2 7.0
24.7 7.5
25.4 8.0
25.0 8.5
25.0 9.0
25.4 9.5
25.0 10.0
25.1 10.5
25.0 11.0
25.5 11.5
24.6 12.0
25.4 12.5
25.0 13.0
25.1 13.5
10.0 14.0
0.0 14.5
0.0 15.0
0.0 15.5
0.0 16.0
0.0 16.5
0.5 17.0
0.5 17.5
0.0 18.0
# 2018-06-08 07:28:01
0.0 0.0
0.0 0.5
0.0 1.0
0.0 1.5
0.0 2.0
0.0 2.5
0.0 3.0
0.5 3.5
25.4 4.0
24.7 4.5
25.4 5.0
25.0 5.5
25.0 6.0
25.1 6.5
25.0 7.0
25.1 7.5
25.4 8.0
25.4 8.5
24.6 9.0
25.4 9.5
25.0 10.0
25.0 10.5
25.4 11.0
25.0 11.5
25.0 12.0
25.0 12.5
25.1 13.0
25.0 13.5
3.5 14.0
0.0 14.5
0.0 15.0
0.0 15.5
0.0 16.0
0.0 16.5
0.0 17.0
0.0 17.5
1.5 18.0
# 2018-06-08 07:29:02
0.0 0.0
0.0 0.5
0.0 1.0
0.0 1.5
0.0 2.0
0.0 2.5
0.0 3.0
1.0 3.5
25.0 4.0
25.0 4.5
25.0 5.0
25.0 5.5
25.4 6.0
25.1 6.5
25.0 7.0
24.6 7.5
25.4 8.0
25.5 8.5
25.1 9.0
25.0 9.5
25.0 10.0
25.1 10.5
25.1 11.0
25.0 11.5
25.0 12.0
25.0 12.5
25.4 13.0
21.0 13.5
0.0 14.0
0.0 14.5
0.0 15.0
0.0 15.5
0.0 16.0
0.0 16.5
0.0 17.0
0.0 17.5
# 2018-06-08 07:30:01
0.0 0.0
0.0 0.5
0.0 1.0
0.0 1.5
0.5 2.0
0.0 2.5
0.0 3.0
1.0 3.5
24.6 4.0
25.0 4.5
25.5 5.0
25.0 5.5
25.0 6.0
25.0 6.5
25.5 7.0
24.6 7.5
25.4 8.0
25.0 8.5
25.4 9.0
25.0 9.5
25.0 10.0
25.5 10.5
25.0 11.0
25.0 11.5
25.1 12.0
25.4 12.5
25.0 13.0
25.0 13.5
14.1 14.0
0.5 14.5
0.0 15.0
0.0 15.5
0.0 16.0
0.5 16.5
0.0 17.0
0.0 17.5
0.5 18.0
# 2018-06-08 07:31:01
0.0 0.0
0.0 0.5
0.0 1.0
0.0 1.5
0.0 2.0
0.5 2.5
0.0 3.0
1.0 3.5
25.1 4.0
24.6 4.5
25.9 5.0
24.7 5.5
25.0 6.0
25.1 6.5
25.0 7.0
25.0 7.5
25.1 8.0
25.5 8.5
25.1 9.0
25.0 9.5
25.1 10.0
25.0 10.5
25.0 11.0
25.0 11.5
25.0 12.0
25.4 12.5
25.0 13.0
18.1 13.5
0.0 14.0
0.0 14.5
0.0 15.0
0.5 15.5
0.5 16.0
0.0 16.5
0.0 17.0
0.0 17.5
# 2018-06-08 07:32:01
0.0 0.0
0.5 0.5
0.0 1.0
0.0 1.5
0.0 2.0
0.0 2.5
0.0 3.0
1.5 3.5
25.0 4.0
24.7 4.5
25.4 5.0
25.4 5.5
25.0 6.0
25.0 6.5
25.0 7.0
25.1 7.5
25.4 8.0
24.7 8.5
25.9 9.0
25.1 9.5
25.0 10.0
25.0 10.5
25.1 11.0
25.4 11.5
25.0 12.0
25.0 12.5
24.6 13.0
25.0 13.5
9.4 14.0
0.0 14.5
0.5 15.0
0.0 15.5
0.0 16.0
0.0 16.5
0.0 17.0
0.0 17.5
2.0 18.0
# 2018-06-08 07:33:01
0.0 0.0
0.0 0.5
0.0 1.0
0.0 1.5
0.0 2.0
0.0 2.5
0.0 3.0
0.5 3.5
25.0 4.0
25.0 4.5
25.7 5.0
25.1 5.5
25.0 6.0
25.0 6.5
25.1 7.0
25.5 7.5
24.7 8.0
25.0 8.5
25.4 9.0
25.1 9.5
25.0 10.0
25.1 10.5
25.4 11.0
25.0 11.5
25.5 12.0
25.1 12.5
25.1 13.0
25.0 13.5
20.4 14.0
0.5 14.5
0.0 15.0
0.0 15.5
0.0 16.0
0.0 16.5
0.0 17.0
0.5 17.5
0.0 18.0
# 2018-06-08 07:34:01
0.0 0.0
0.0 0.5
0.0 1.0
0.0 1.5
0.0 2.0
0.0 2.5
0.0 3.0
0.5 3.5
25.0 4.0
25.0 4.5
25.1 5.0
25.0 5.5
25.5 6.0
25.1 6.5
25.0 7.0
25.0 7.5
25.0 8.0
25.5 8.5
25.0 9.0
24.6 9.5
25.4 10.0
25.1 10.5
25.0 11.0
25.0 11.5
25.4 12.0
25.1 12.5
25.0 13.0
25.0 13.5
2.5 14.0
0.0 14.5
0.0 15.0
0.0 15.5
0.0 16.0
0.5 16.5
0.0 17.0
0.0 17.5
0.5 18.0
# 2018-06-08 07:35:01
0.5 0.0
0.0 0.5
0.0 1.0
0.0 1.5
0.0 2.0
0.0 2.5
0.0 3.0
0.5 3.5
25.5 4.0
25.1 4.5
25.0 5.0
25.0 5.5
25.5 6.0
24.9 6.5
25.5 7.0
25.0 7.5
25.0 8.0
25.1 8.5
25.4 9.0
25.0 9.5
25.0 10.0
25.0 10.5
25.4 11.0
25.0 11.5
25.1 12.0
24.6 12.5
25.4 13.0
25.4 13.5
15.6 14.0
0.0 14.5
0.0 15.0
0.0 15.5
0.0 16.0
0.0 16.5
0.0 17.0
0.0 17.5
0.0 18.0
# 2018-06-08 07:36:01
0.0 0.0
0.0 0.5
0.0 1.0
0.0 1.5
0.0 2.0
0.0 2.5
0.0 3.0
0.5 3.5
25.0 4.0
25.4 4.5
24.7 5.0
25.0 5.5
25.9 6.0
25.5 6.5
24.6 7.0
25.0 7.5
25.4 8.0
25.0 8.5
25.0 9.0
25.4 9.5
25.1 10.0
25.0 10.5
25.0 11.0
25.1 11.5
25.0 12.0
25.4 12.5
25.0 13.0
25.0 13.5
8.5 14.0
0.0 14.5
0.0 15.0
0.0 15.5
0.0 16.0
0.0 16.5
0.0 17.0
0.0 17.5
0.0 18.0
# 2018-06-08 07:37:01
0.0 0.0
0.0 0.5
0.0 1.0
0.0 1.5
0.0 2.0
0.0 2.5
0.0 3.0
0.5 3.5
25.4 4.0
25.0 4.5
24.7 5.0
25.4 5.5
24.6 6.0
25.4 6.5
25.0 7.0
25.5 7.5
25.0 8.0
25.1 8.5
25.0 9.0
25.5 9.5
24.6 10.0
25.4 10.5
25.4 11.0
24.7 11.5
25.1 12.0
25.4 12.5
25.0 13.0
17.6 13.5
0.0 14.0
0.0 14.5
0.0 15.0
0.0 15.5
0.0 16.0
0.5 16.5
0.0 17.0
0.0 17.5
# 2018-06-08 07:38:01
0.0 0.0
0.0 0.5
0.0 1.0
0.0 1.5
0.0 2.0
0.0 2.5
0.0 3.0
0.5 3.5
25.0 4.0
25.4 4.5
25.0 5.0
25.1 5.5
25.0 6.0
25.0 6.5
25.1 7.0
25.0 7.5
25.0 8.0
25.4 8.5
25.0 9.0
25.5 9.5
25.1 10.0
25.0 10.5
25.1 11.0
25.0 11.5
25.0 12.0
25.0 12.5
25.4 13.0
25.0 13.5
10.6 14.0
0.5 14.5
0.0 15.0
0.0 15.5
0.5 16.0
0.0 16.5
0.0 17.0
0.0 17.5
0.0 18.0
# 2018-06-08 07:39:01
0.0 0.0
0.5 0.5
0.0 1.0
0.0 1.5
0.0 2.0
0.0 2.5
0.0 3.0
1.0 3.5
25.1 4.0
25.4 4.5
25.0 5.0
25.0 5.5
25.1 6.0
25.0 6.5
25.4 7.0
25.0 7.5
25.4 8.0
25.4 8.5
25.1 9.0
25.0 9.5
25.4 10.0
24.6 10.5
25.4 11.0
25.1 11.5
25.1 12.0
25.4 12.5
24.6 13.0
25.4 13.5
8.5 14.0
0.0 14.5
0.0 15.0
0.0 15.5
0.0 16.0
0.0 16.5
0.0 17.0
0.0 17.5
0.5 18.0
# 2018-06-08 07:40:01
1.0 0.0
0.0 0.5
0.0 1.0
0.0 1.5
0.0 2.0
0.5 2.5
0.0 3.0
0.0 3.5
25.4 4.0
25.0 4.5
24.7 5.0
25.5 5.5
25.0 6.0
25.1 6.5
25.1 7.0
25.0 7.5
25.4 8.0
25.0 8.5
24.7 9.0
25.4 9.5
25.0 10.0
25.1 10.5
25.0 11.0
25.4 11.5
25.0 12.0
25.0 12.5
25.0 13.0
25.0 13.5
7.0 14.0
0.0 14.5
0.0 15.0
0.0 15.5
0.0 16.0
0.5 16.5
0.0 17.0
0.0 17.5
0.5 18.0
# 2018-06-08 07:41:01
0.0 0.0
0.0 0.5
0.5 1.0
0.0 1.5
0.5 2.0
0.0 2.5
0.0 3.0
1.0 3.5
25.1 4.0
25.0 4.5
25.4 5.0
25.1 5.5
25.0 6.0
25.4 6.5
25.0 7.0
25.0 7.5
25.5 8.0
25.1 8.5
25.0 9.0
25.1 9.5
25.1 10.0
25.1 10.5
25.0 11.0
25.4 11.5
24.6 12.0
25.4 12.5
24.6 13.0
25.5 13.5
20.9 14.0
0.0 14.5
0.0 15.0
0.0 15.5
0.0 16.0
0.0 16.5
0.0 17.0
0.0 17.5
0.0 18.0
# 2018-06-08 07:42:01
0.0 0.0
0.0 0.5
0.0 1.0
0.0 1.5
0.0 2.0
0.0 2.5
0.5 3.0
0.5 3.5
25.0 4.0
25.0 4.5
25.0 5.0
25.1 5.5
25.0 6.0
25.1 6.5
25.0 7.0
24.6 7.5
25.4 8.0
24.6 8.5
25.4 9.0
25.1 9.5
25.1 10.0
25.0 10.5
25.0 11.0
25.0 11.5
25.4 12.0
25.1 12.5
25.4 13.0
24.6 13.5
7.5 14.0
0.5 14.5
0.0 15.0
0.0 15.5
0.0 16.0
0.0 16.5
0.0 17.0
0.0 17.5
0.0 18.0
# 2018-06-08 07:43:01
0.5 0.0
0.0 0.5
0.0 1.0
0.0 1.5
0.0 2.0
0.0 2.5
0.0 3.0
1.0 3.5
24.6 4.0
25.4 4.5
25.1 5.0
25.1 5.5
25.0 6.0
25.0 6.5
25.0 7.0
24.7 7.5
25.0 8.0
25.4 8.5
25.1 9.0
25.0 9.5
25.4 10.0
25.1 10.5
25.4 11.0
25.0 11.5
25.0 12.0
25.1 12.5
25.0 13.0
25.4 13.5
1.0 14.0
0.0 14.5
0.0 15.0
0.0 15.5
0.0 16.0
0.0 16.5
0.0 17.0
0.5 17.5
0.0 18.0
# 2018-06-08 07:44:01
0.0 0.0
0.0 0.5
0.0 1.0
0.5 1.5
0.0 2.0
0.0 2.5
0.0 3.0
0.5 3.5
25.0 4.0
25.5 4.5
25.0 5.0
25.0 5.5
25.0 6.0
25.0 6.5
25.0 7.0
25.1 7.5
25.5 8.0
25.0 8.5
25.0 9.0
25.0 9.5
25.1 10.0
25.1 10.5
25.0 11.0
25.4 11.5
25.1 12.0
25.0 12.5
25.0 13.0
25.0 13.5
18.0 14.0
0.0 14.5
0.0 15.0
0.0 15.5
0.0 16.0
0.0 16.5
0.0 17.0
0.0 17.5
0.5 18.0
# 2018-06-08 07:45:01
0.0 0.0
0.5 0.5
0.0 1.0
0.0 1.5
0.0 2.0
0.0 2.5
0.0 3.0
1.0 3.5
25.0 4.0
25.5 4.5
25.4 5.0
25.0 5.5
25.0 6.0
25.6 6.5
24.5 7.0
25.5 7.5
24.6 8.0
25.4 8.5
25.0 9.0
25.0 9.5
25.1 10.0
25.0 10.5
25.4 11.0
25.0 11.5
25.1 12.0
25.0 12.5
25.0 13.0
22.0 13.5
0.0 14.0
0.0 14.5
0.0 15.0
0.0 15.5
0.0 16.0
0.0 16.5
0.0 17.0
0.0 17.5
# 2018-06-08 07:46:01
0.0 0.0
0.0 0.5
0.0 1.0
0.5 1.5
0.0 2.0
0.0 2.5
0.5 3.0
0.0 3.5
25.4 4.0
25.0 4.5
25.0 5.0
24.6 5.5
25.7 6.0
25.0 6.5
24.6 7.0
25.1 7.5
25.4 8.0
25.1 8.5
25.0 9.0
25.1 9.5
25.5 10.0
25.0 10.5
25.0 11.0
24.6 11.5
25.4 12.0
25.0 12.5
25.0 13.0
25.0 13.5
18.0 14.0
0.0 14.5
0.0 15.0
0.0 15.5
0.0 16.0
0.0 16.5
0.0 17.0
0.0 17.5
0.0 18.0
# 2018-06-08 07:47:01
0.0 0.0
0.5 0.5
0.0 1.0
0.0 1.5
0.5 2.0
0.5 2.5
0.0 3.0
0.5 3.5
25.0 4.0
25.1 4.5
25.1 5.0
25.1 5.5
25.0 6.0
25.4 6.5
25.0 7.0
25.4 7.5
24.7 8.0
25.5 8.5
25.0 9.0
25.0 9.5
25.0 10.0
25.1 10.5
25.0 11.0
25.4 11.5
25.0 12.0
25.5 12.5
24.6 13.0
23.5 13.5
0.0 14.0
0.0 14.5
0.0 15.0
0.0 15.5
0.0 16.0
0.0 16.5
0.0 17.0
0.0 17.5
# 2018-06-08 07:48:01
0.0 0.0
0.0 0.5
0.0 1.0
0.0 1.5
0.0 2.0
0.0 2.5
0.0 3.0
0.5 3.5
25.5 4.0
25.1 4.5
25.0 5.0
25.0 5.5
25.4 6.0
25.1 6.5
24.6 7.0
25.5 7.5
25.0 8.0
25.1 8.5
25.4 9.0
25.0 9.5
25.4 10.0
24.6 10.5
25.1 11.0
25.5 11.5
25.0 12.0
25.1 12.5
24.9 13.0
25.1 13.5
17.4 14.0
0.0 14.5
0.0 15.0
0.0 15.5
0.0 16.0
0.5 16.5
0.0 17.0
0.0 17.5
0.0 18.0
# 2018-06-08 07:49:01
0.0 0.0
0.0 0.5
0.0 1.0
0.5 1.5
0.0 2.0
0.0 2.5
0.0 3.0
0.5 3.5
25.4 4.0
25.0 4.5
25.0 5.0
25.4 5.5
24.9 6.0
25.5 6.5
25.0 7.0
25.4 7.5
25.0 8.0
25.0 8.5
25.0 9.0
25.4 9.5
25.5 10.0
24.7 10.5
25.4 11.0
25.0 11.5
25.4 12.0
25.0 12.5
24.6 13.0
24.9 13.5
13.4 14.0
0.0 14.5
0.0 15.0
0.5 15.5
0.0 16.0
0.0 16.5
0.0 17.0
0.0 17.5
0.5 18.0
# 2018-06-08 07:50:02
0.0 0.0
0.5 0.5
0.0 1.0
0.0 1.5
0.0 2.0
0.0 2.5
0.0 3.0
0.5 3.5
25.0 4.0
25.4 4.5
25.5 5.0
24.9 5.5
24.7 6.0
25.4 6.5
25.1 7.0
25.0 7.5
25.0 8.0
25.4 8.5
25.0 9.0
25.1 9.5
25.0 10.0
25.1 10.5
25.4 11.0
25.0 11.5
25.0 12.0
25.4 12.5
25.0 13.0
25.0 13.5
9.5 14.0
0.0 14.5
0.5 15.0
0.0 15.5
0.0 16.0
0.0 16.5
0.0 17.0
0.0 17.5
0.5 18.0
# 2018-06-08 07:51:01
0.0 0.0
0.0 0.5
0.0 1.0
0.5 1.5
0.0 2.0
0.0 2.5
0.5 3.0
1.0 3.5
25.0 4.0
25.0 4.5
25.0 5.0
25.4 5.5
25.0 6.0
25.1 6.5
25.1 7.0
25.0 7.5
25.4 8.0
25.1 8.5
25.1 9.0
25.1 9.5
25.0 10.0
25.0 10.5
25.0 11.0
25.0 11.5
24.6 12.0
25.4 12.5
25.0 13.0
25.0 13.5
7.0 14.0
0.0 14.5
0.0 15.0
0.5 15.5
0.0 16.0
0.0 16.5
0.0 17.0
0.0 17.5
0.0 18.0
# 2018-06-08 07:52:01
0.0 0.0
0.0 0.5
0.0 1.0
0.5 1.5
0.5 2.0
0.0 2.5
0.0 3.0
0.5 3.5
25.4 4.0
25.0 4.5
25.0 5.0
24.6 5.5
25.4 6.0
25.0 6.5
25.1 7.0
25.0 7.5
25.4 8.0
25.1 8.5
25.4 9.0
25.0 9.5
25.0 10.0
25.4 10.5
24.6 11.0
25.4 11.5
25.0 12.0
25.0 12.5
25.0 13.0
25.0 13.5
10.1 14.0
0.0 14.5
0.0 15.0
0.0 15.5
0.0 16.0
0.0 16.5
0.0 17.0
0.0 17.5
0.0 18.0
# 2018-06-08 07:53:01
0.0 0.0
0.0 0.5
0.0 1.0
0.0 1.5
0.0 2.0
0.0 2.5
0.0 3.0
0.5 3.5
25.1 4.0
25.4 4.5
25.1 5.0
24.7 5.5
25.4 6.0
25.0 6.5
25.0 7.0
25.0 7.5
25.4 8.0
24.7 8.5
25.5 9.0
25.0 9.5
25.1 10.0
25.2 10.5
25.1 11.0
25.4 11.5
24.6 12.0
25.0 12.5
25.5 13.0
24.9 13.5
11.0 14.0
0.0 14.5
0.0 15.0
0.0 15.5
0.0 16.0
0.0 16.5
0.0 17.0
0.0 17.5
0.0 18.0
# 2018-06-08 07:54:01
0.5 0.0
0.0 0.5
0.0 1.0
0.0 1.5
0.0 2.0
0.0 2.5
0.0 3.0
1.0 3.5
25.0 4.0
25.1 4.5
24.6 5.0
25.0 5.5
25.0 6.0
25.4 6.5
25.0 7.0
25.5 7.5
25.0 8.0
25.0 8.5
25.4 9.0
25.1 9.5
25.0 10.0
25.0 10.5
25.0 11.0
25.1 11.5
25.4 12.0
25.1 12.5
25.0 13.0
25.0 13.5
11.1 14.0
0.0 14.5
0.0 15.0
0.0 15.5
0.0 16.0
0.0 16.5
0.0 17.0
0.0 17.5
0.0 18.0
# 2018-06-08 07:55:01
0.0 0.0
0.0 0.5
0.0 1.0
0.0 1.5
0.5 2.0
0.0 2.5
0.0 3.0
1.0 3.5
24.5 4.0
25.4 4.5
25.0 5.0
25.0 5.5
25.0 6.0
25.4 6.5
24.7 7.0
25.4 7.5
25.0 8.0
25.4 8.5
24.6 9.0
25.4 9.5
25.0 10.0
25.5 10.5
24.6 11.0
25.4 11.5
25.0 12.0
25.4 12.5
25.0 13.0
23.7 13.5
0.0 14.0
0.0 14.5
0.0 15.0
0.0 15.5
0.0 16.0
0.5 16.5
0.0 17.0
0.0 17.5
# 2018-06-08 07:56:01
0.0 0.0
0.0 0.5
0.0 1.0
0.0 1.5
0.5 2.0
0.0 2.5
0.0 3.0
1.0 3.5
25.0 4.0
25.4 4.5
25.0 5.0
25.0 5.5
25.1 6.0
25.1 6.5
25.0 7.0
24.9 7.5
25.5 8.0
25.0 8.5
25.0 9.0
25.0 9.5
25.1 10.0
24.9 10.5
25.1 11.0
25.1 11.5
25.4 12.0
25.0 12.5
25.0 13.0
25.0 13.5
13.0 14.0
0.5 14.5
0.0 15.0
0.0 15.5
0.0 16.0
0.0 16.5
0.0 17.0
0.0 17.5
0.5 18.0
# 2018-06-08 07:57:02
0.5 0.0
0.0 0.5
0.0 1.0
0.0 1.5
0.0 2.0
0.0 2.5
0.0 3.0
0.5 3.5
24.6 4.0
25.4 4.5
25.0 5.0
25.5 5.5
25.5 6.0
25.0 6.5
25.0 7.0
25.1 7.5
25.4 8.0
24.6 8.5
25.4 9.0
25.0 9.5
25.1 10.0
25.1 10.5
25.5 11.0
24.7 11.5
25.4 12.0
25.0 12.5
25.0 13.0
18.9 13.5
0.0 14.0
0.0 14.5
0.0 15.0
0.0 15.5
0.0 16.0
0.0 16.5
0.0 17.0
0.0 17.5
# 2018-06-08 07:58:01
0.0 0.0
0.0 0.5
0.0 1.0
0.0 1.5
0.5 2.0
0.0 2.5
0.0 3.0
0.5 3.5
25.0 4.0
25.1 4.5
25.0 5.0
25.6 5.5
25.0 6.0
24.6 6.5
25.5 7.0
25.0 7.5
25.1 8.0
25.0 8.5
25.0 9.0
25.1 9.5
25.4 10.0
25.0 10.5
25.4 11.0
25.1 11.5
25.0 12.0
25.1 12.5
25.0 13.0
15.5 13.5
0.0 14.0
0.0 14.5
0.0 15.0
0.0 15.5
0.0 16.0
0.0 16.5
0.0 17.0
0.0 17.5
# 2018-06-08 07:59:01
0.0 0.0
0.0 0.5
0.5 1.0
0.0 1.5
0.0 2.0
0.0 2.5
0.0 3.0
1.0 3.5
25.0 4.0
25.0 4.5
24.7 5.0
25.9 5.5
25.4 6.0
25.0 6.5
25.1 7.0
25.4 7.5
25.0 8.0
25.0 8.5
25.0 9.0
25.5 9.5
24.5 10.0
25.5 10.5
25.0 11.0
25.1 11.5
25.4 12.0
25.0 12.5
25.0 13.0
14.0 13.5
0.0 14.0
0.0 14.5
0.0 15.0
0.0 15.5
0.5 16.0
0.0 16.5
0.0 17.0
0.5 17.5
# 2018-06-08 08:00:01
0.5 0.0
0.0 0.5
0.0 1.0
0.0 1.5
0.0 2.0
0.0 2.5
0.0 3.0
0.5 3.5
25.4 4.0
25.0 4.5
25.0 5.0
25.0 5.5
25.1 6.0
25.1 6.5
25.0 7.0
25.0 7.5
25.5 8.0
25.0 8.5
25.0 9.0
25.5 9.5
25.0 10.0
25.4 10.5
25.0 11.0
25.5 11.5
25.1 12.0
25.4 12.5
25.0 13.0
9.5 13.5
0.0 14.0
0.0 14.5
0.0 15.0
0.5 15.5
0.0 16.0
0.0 16.5
0.5 17.0
0.0 17.5
# 2018-06-08 08:01:01
1.0 0.0
0.0 0.5
0.0 1.0
0.0 1.5
0.0 2.0
0.0 2.5
0.0 3.0
0.5 3.5
25.0 4.0
25.4 4.5
25.0 5.0
25.4 5.5
25.0 6.0
25.0 6.5
25.0 7.0
25.7 7.5
25.1 8.0
25.4 8.5
25.0 9.0
25.1 9.5
25.4 10.0
25.0 10.5
25.4 11.0
25.1 11.5
25.0 12.0
25.0 12.5
25.4 13.0
17.0 13.5
0.0 14.0
0.0 14.5
0.0 15.0
0.0 15.5
0.0 16.0
0.0 16.5
0.0 17.0
0.0 17.5
# 2018-06-08 08:02:01
0.0 0.0
0.0 0.5
0.0 1.0
0.0 1.5
0.0 2.0
0.0 2.5
0.0 3.0
0.5 3.5
25.0 4.0
25.5 4.5
25.0 5.0
25.4 5.5
25.0 6.0
25.3 6.5
24.6 7.0
25.5 7.5
25.0 8.0
25.0 8.5
25.5 9.0
25.1 9.5
25.0 10.0
25.5 10.5
25.0 11.0
25.0 11.5
25.4 12.0
25.0 12.5
24.7 13.0
21.9 13.5
0.0 14.0
0.0 14.5
0.0 15.0
0.5 15.5
0.0 16.0
0.0 16.5
0.0 17.0
0.0 17.5
# 2018-06-08 08:03:01
0.0 0.0
0.0 0.5
0.0 1.0
0.0 1.5
0.0 2.0
0.0 2.5
0.0 3.0
0.5 3.5
25.0 4.0
25.4 4.5
25.0 5.0
25.0 5.5
25.1 6.0
25.4 6.5
25.0 7.0
25.4 7.5
25.4 8.0
25.0 8.5
25.0 9.0
25.1 9.5
25.4 10.0
25.0 10.5
25.0 11.0
25.5 11.5
24.7 12.0
24.9 12.5
25.4 13.0
23.6 13.5
0.0 14.0
0.0 14.5
0.0 15.0
0.0 15.5
0.0 16.0
0.0 16.5
0.0 17.0
0.0 17.5
