# 2018-06-08 07:13:01
# Total memory: 8543.72 MiB
540557312 0.0
540467200 0.5
540467200 1.0
540467200 1.5
540467200 2.0
540467200 2.5
540467200 3.0
540467200 3.5
542523392 4.0
574644224 4.5
609181696 5.0
649179136 5.5
683208704 6.0
721805312 6.5
764469248 7.0
803954688 7.5
842809344 8.0
885723136 8.5
925339648 9.0
964444160 9.5
1002283008 10.0
1038594048 10.5
1075671040 11.0
1113378816 11.5
1150709760 12.0
1187147776 12.5
1223970816 13.0
1259012096 13.5
1299136512 14.0
1337860096 14.5
1359446016 15.0
1367990272 15.5
541401088 16.0
541188096 16.5
541188096 17.0
541179904 17.5
541179904 18.0
# 2018-06-08 07:14:01
# Total memory: 8543.72 MiB
540372992 0.0
540372992 0.5
540516352 1.0
540516352 1.5
540516352 2.0
540516352 2.5
540516352 3.0
540516352 3.5
542334976 4.0
579158016 4.5
622071808 5.0
664481792 5.5
710443008 6.0
757424128 6.5
802750464 7.0
844906496 7.5
889217024 8.0
937975808 8.5
982917120 9.0
1028120576 9.5
1073065984 10.0
1120301056 10.5
1165754368 11.0
1210703872 11.5
1245360128 12.0
1291071488 12.5
1336397824 13.0
1359507456 13.5
1364566016 14.0
541024256 14.5
540864512 15.0
540864512 15.5
540864512 16.0
540864512 16.5
540864512 17.0
540864512 17.5
540864512 18.0
# 2018-06-08 07:15:02
# Total memory: 8543.72 MiB
540434432 0.0
540758016 0.5
540758016 1.0
540884992 1.5
540884992 2.0
540884992 2.5
540884992 3.0
540884992 3.5
542576640 4.0
580030464 4.5
622186496 5.0
662941696 5.5
709922816 6.0
755630080 6.5
801087488 7.0
847810560 7.5
893267968 8.0
942657536 8.5
988876800 9.0
1035218944 9.5
1081438208 10.0
1127903232 10.5
1177423872 11.0
1224019968 11.5
1270239232 12.0
1316200448 12.5
1360134144 13.0
1377271808 13.5
541745152 14.0
541614080 14.5
541614080 15.0
541614080 15.5
541614080 16.0
541614080 16.5
541614080 17.0
541614080 17.5
# 2018-06-08 07:16:01
# Total memory: 8543.72 MiB
539348992 0.0
539979776 0.5
539979776 1.0
539979776 1.5
539979776 2.0
539979776 2.5
539979776 3.0
539979776 3.5
541503488 4.0
578727936 4.5
621137920 5.0
665448448 5.5
711667712 6.0
761565184 6.5
808800256 7.0
854380544 7.5
901361664 8.0
947830784 8.5
997605376 9.0
1044836352 9.5
1091817472 10.0
1138536448 10.5
1184755712 11.0
1234145280 11.5
1281380352 12.0
1327849472 12.5
1359085568 13.0
1364164608 13.5
540749824 14.0
540565504 14.5
540565504 15.0
540565504 15.5
540565504 16.0
540565504 16.5
540565504 17.0
540565504 17.5
# 2018-06-08 07:17:01
# Total memory: 8543.72 MiB
539471872 0.0
539725824 0.5
540106752 1.0
540106752 1.5
540233728 2.0
540233728 2.5
540233728 3.0
540233728 3.5
542289920 4.0
578605056 4.5
621518848 5.0
663928832 5.5
709763072 6.0
755982336 6.5
800165888 7.0
844353536 7.5
887521280 8.0
935518208 8.5
980205568 9.0
1024647168 9.5
1068449792 10.0
1115938816 10.5
1160503296 11.0
1205198848 11.5
1251155968 12.0
1299660800 12.5
1345495040 13.0
1359208448 13.5
1364058112 14.0
541122560 14.5
540803072 15.0
540803072 15.5
540803072 16.0
540803072 16.5
540803072 17.0
540803072 17.5
540803072 18.0
# 2018-06-08 07:18:01
# Total memory: 8543.72 MiB
540749824 0.0
540893184 0.5
540893184 1.0
541020160 1.5
541020160 2.0
541020160 2.5
541020160 3.0
541020160 3.5
543084544 4.0
579784704 4.5
621178880 5.0
663076864 5.5
710057984 6.0
753352704 6.5
797794304 7.0
841469952 7.5
887435264 8.0
932253696 8.5
975425536 9.0
1019355136 9.5
1064812544 10.0
1108234240 10.5
1151913984 11.0
1195331584 11.5
1239773184 12.0
1281925120 12.5
1325096960 13.0
1359884288 13.5
1380708352 14.0
541691904 14.5
541691904 15.0
541495296 15.5
541495296 16.0
541495296 16.5
541495296 17.0
541495296 17.5
541495296 18.0
# 2018-06-08 07:19:01
# Total memory: 8543.72 MiB
540385280 0.0
540385280 0.5
540450816 1.0
540450816 1.5
540450816 2.0
540450816 2.5
540450816 3.0
540450816 3.5
542658560 4.0
579735552 4.5
621252608 5.0
663408640 5.5
709877760 6.0
757112832 6.5
803074048 7.0
849801216 7.5
896397312 8.0
944394240 8.5
990990336 9.0
1036701696 9.5
1081896960 10.0
1127862272 10.5
1177124864 11.0
1223852032 11.5
1270317056 12.0
1316790272 12.5
1359450112 13.0
1376210944 13.5
541515776 14.0
541515776 14.5
541315072 15.0
541315072 15.5
541315072 16.0
541315072 16.5
541315072 17.0
541315072 17.5
# 2018-06-08 07:20:01
# Total memory: 8543.72 MiB
540913664 0.0
540913664 0.5
541032448 1.0
541032448 1.5
541032448 2.0
541032448 2.5
541032448 3.0
541032448 3.5
542707712 4.0
580415488 4.5
624857088 5.0
667897856 5.5
714878976 6.0
765157376 6.5
811884544 7.0
858988544 7.5
904699904 8.0
952311808 8.5
1002848256 9.0
1049948160 9.5
1086517248 10.0
1126256640 10.5
1176031232 11.0
1223262208 11.5
1269989376 12.0
1317089280 12.5
1358737408 13.0
1378033664 13.5
540430336 14.0
540221440 14.5
540221440 15.0
540221440 15.5
540221440 16.0
540221440 16.5
540221440 17.0
540221440 17.5
# 2018-06-08 07:21:01
# Total memory: 8543.72 MiB
540045312 0.0
540389376 0.5
540389376 1.0
540516352 1.5
540516352 2.0
540516352 2.5
540516352 3.0
540516352 3.5
542953472 4.0
581550080 4.5
625483776 5.0
669159424 5.5
714108928 6.0
763244544 6.5
807940096 7.0
852758528 7.5
897708032 8.0
944812032 8.5
989253632 9.0
1033691136 9.5
1078640640 10.0
1123581952 10.5
1170817024 11.0
1216143360 11.5
1261092864 12.0
1305530368 12.5
1352257536 13.0
1362030592 13.5
1364545536 14.0
541364224 14.5
541364224 15.0
541356032 15.5
541356032 16.0
541356032 16.5
541356032 17.0
541356032 17.5
541356032 18.0
# 2018-06-08 07:22:01
# Total memory: 8543.72 MiB
540475392 0.0
540475392 0.5
540770304 1.0
540770304 1.5
540770304 2.0
540770304 2.5
540770304 3.0
540770304 3.5
542191616 4.0
579776512 4.5
624467968 5.0
667893760 5.5
713347072 6.0
761851904 6.5
805781504 7.0
850223104 7.5
894787584 8.0
941768704 8.5
986714112 9.0
1030901760 9.5
1074954240 10.0
1122697216 10.5
1169674240 11.0
1215893504 11.5
1261600768 12.0
1307566080 12.5
1356189696 13.0
1367109632 13.5
540819456 14.0
540819456 14.5
540594176 15.0
540594176 15.5
540594176 16.0
540594176 16.5
540594176 17.0
540594176 17.5
# 2018-06-08 07:23:01
# Total memory: 8543.72 MiB
540147712 0.0
540147712 0.5
540831744 1.0
540831744 1.5
540831744 2.0
540831744 2.5
540831744 3.0
540831744 3.5
542347264 4.0
579170304 4.5
621727744 5.0
662360064 5.5
708448256 6.0
751112192 6.5
795422720 7.0
839610368 7.5
887222272 8.0
933695488 8.5
978259968 9.0
1024225280 9.5
1069928448 10.0
1118941184 10.5
1165283328 11.0
1211756544 11.5
1257463808 12.0
1303429120 12.5
1352433664 13.0
1362845696 13.5
1205628928 14.0
541442048 14.5
541282304 15.0
541282304 15.5
541282304 16.0
541282304 16.5
541282304 17.0
541282304 17.5
541282304 18.0
# 2018-06-08 07:24:01
# Total memory: 8543.72 MiB
540635136 0.0
540635136 0.5
540913664 1.0
540913664 1.5
540913664 2.0
540913664 2.5
540913664 3.0
540913664 3.5
542969856 4.0
578015232 4.5
620167168 5.0
663085056 5.5
710569984 6.0
755773440 6.5
801607680 7.0
846811136 7.5
890994688 8.0
939499520 8.5
985329664 9.0
1030787072 9.5
1075351552 10.0
1123094528 10.5
1168420864 11.0
1214132224 11.5
1259454464 12.0
1304150016 12.5
1352269824 13.0
1363443712 13.5
1174839296 14.0
541724672 14.5
541499392 15.0
541499392 15.5
541499392 16.0
541499392 16.5
541499392 17.0
541499392 17.5
541499392 18.0
# 2018-06-08 07:25:01
# Total memory: 8543.72 MiB
540364800 0.0
540925952 0.5
540925952 1.0
540925952 1.5
540925952 2.0
540925952 2.5
540925952 3.0
540925952 3.5
543506432 4.0
578420736 4.5
619560960 5.0
660824064 5.5
707805184 6.0
752242688 6.5
796430336 7.0
840994816 7.5
887721984 8.0
932540416 8.5
976220160 9.0
1019641856 9.5
1065099264 10.0
1109536768 10.5
1152708608 11.0
1196761088 11.5
1241964544 12.0
1287290880 12.5
1330462720 13.0
1360171008 13.5
1385820160 14.0
541954048 14.5
541954048 15.0
541782016 15.5
541782016 16.0
541782016 16.5
541782016 17.0
541782016 17.5
541782016 18.0
# 2018-06-08 07:26:01
# Total memory: 8543.72 MiB
540106752 0.0
540360704 0.5
540655616 1.0
540655616 1.5
540655616 2.0
540655616 2.5
540655616 3.0
540655616 3.5
542965760 4.0
580042752 4.5
622448640 5.0
664858624 5.5
710311936 6.0
757800960 6.5
801984512 7.0
846680064 7.5
892006400 8.0
941019136 8.5
987488256 9.0
1034215424 9.5
1080553472 10.0
1126518784 10.5
1176543232 11.0
1223016448 11.5
1267834880 12.0
1313546240 12.5
1360011264 13.0
1373216768 13.5
541782016 14.0
541605888 14.5
541495296 15.0
541495296 15.5
541495296 16.0
541495296 16.5
541495296 17.0
541495296 17.5
# 2018-06-08 07:27:01
# Total memory: 8543.72 MiB
540856320 0.0
540811264 0.5
540811264 1.0
540938240 1.5
540938240 2.0
540938240 2.5
540938240 3.0
540938240 3.5
542486528 4.0
579686400 4.5
622858240 5.0
664121344 5.5
710340608 6.0
754778112 6.5
799219712 7.0
843911168 7.5
887590912 8.0
932917248 8.5
977612800 9.0
1022431232 9.5
1067126784 10.0
1113337856 10.5
1157525504 11.0
1202216960 11.5
1246658560 12.0
1294143488 12.5
1337061376 13.0
1360039936 13.5
1365053440 14.0
541532160 14.5
541532160 15.0
541523968 15.5
541523968 16.0
541523968 16.5
541523968 17.0
541523968 17.5
541523968 18.0
# 2018-06-08 07:28:01
# Total memory: 8543.72 MiB
540151808 0.0
540151808 0.5
540688384 1.0
540688384 1.5
540688384 2.0
540688384 2.5
540688384 3.0
540688384 3.5
542466048 4.0
579289088 4.5
622751744 5.0
666177536 5.5
711630848 6.0
759881728 6.5
805462016 7.0
850919424 7.5
896753664 8.0
944750592 8.5
989564928 9.0
1033498624 9.5
1078190080 10.0
1123647488 10.5
1170243584 11.0
1214685184 11.5
1258737664 12.0
1301401600 12.5
1348251648 13.0
1359933440 13.5
1364504576 14.0
541462528 14.5
541290496 15.0
541290496 15.5
541290496 16.0
541290496 16.5
541290496 17.0
541290496 17.5
541290496 18.0
# 2018-06-08 07:29:02
# Total memory: 8543.72 MiB
540049408 0.0
540581888 0.5
540581888 1.0
540573696 1.5
540573696 2.0
540573696 2.5
540573696 3.0
540573696 3.5
542756864 4.0
578306048 4.5
620716032 5.0
663375872 5.5
710356992 6.0
757841920 6.5
803553280 7.0
849006592 7.5
893702144 8.0
942583808 8.5
988041216 9.0
1033748480 9.5
1079459840 10.0
1124659200 10.5
1173671936 11.0
1219375104 11.5
1265594368 12.0
1311682560 12.5
1359679488 13.0
1371865088 13.5
541433856 14.0
541159424 14.5
541159424 15.0
541286400 15.5
541286400 16.0
541286400 16.5
541286400 17.0
541286400 17.5
# 2018-06-08 07:30:01
# Total memory: 8543.72 MiB
540856320 0.0
541065216 0.5
541065216 1.0
541184000 1.5
541184000 2.0
541184000 2.5
541184000 3.0
541184000 3.5
542605312 4.0
579551232 4.5
620691456 5.0
661069824 5.5
708304896 6.0
751599616 6.5
796041216 7.0
839208960 7.5
885682176 8.0
929484800 8.5
974180352 9.0
1018232832 9.5
1064960000 10.0
1109524480 10.5
1153712128 11.0
1196879872 11.5
1241829376 12.0
1288040448 12.5
1331212288 13.0
1359904768 13.5
1386061824 14.0
541716480 14.5
541716480 15.0
541642752 15.5
541642752 16.0
541642752 16.5
541642752 17.0
541642752 17.5
541642752 18.0
# 2018-06-08 07:31:01
# Total memory: 8543.72 MiB
539836416 0.0
540291072 0.5
540291072 1.0
540418048 1.5
540418048 2.0
540418048 2.5
540418048 3.0
540418048 3.5
542371840 4.0
580079616 4.5
623505408 5.0
665657344 5.5
710352896 6.0
757964800 6.5
802914304 7.0
847351808 7.5
891539456 8.0
939532288 8.5
985243648 9.0
1032093696 9.5
1078566912 10.0
1125031936 10.5
1175568384 11.0
1222545408 11.5
1268764672 12.0
1315360768 12.5
1359548416 13.0
1376686080 13.5
541163520 14.0
541028352 14.5
541028352 15.0
541028352 15.5
541028352 16.0
541028352 16.5
541028352 17.0
541028352 17.5
# 2018-06-08 07:32:01
# Total memory: 8543.72 MiB
540708864 0.0
540835840 0.5
540835840 1.0
540835840 1.5
540835840 2.0
540835840 2.5
540835840 3.0
540835840 3.5
542400512 4.0
579346432 4.5
620994560 5.0
660987904 5.5
705429504 6.0
747200512 6.5
790626304 7.0
834301952 7.5
881029120 8.0
923688960 8.5
967114752 9.0
1011425280 9.5
1059930112 10.0
1104748544 10.5
1149444096 11.0
1195020288 11.5
1240985600 12.0
1290121216 12.5
1335070720 13.0
1359699968 13.5
1364705280 14.0
540938240 14.5
540938240 15.0
540930048 15.5
540930048 16.0
540930048 16.5
540930048 17.0
540930048 17.5
540930048 18.0
# 2018-06-08 07:33:01
# Total memory: 8543.72 MiB
540614656 0.0
540614656 0.5
540815360 1.0
540815360 1.5
540815360 2.0
540815360 2.5
540815360 3.0
540815360 3.5
542871552 4.0
578678784 4.5
618418176 5.0
659304448 5.5
706408448 6.0
750342144 6.5
794398720 7.0
840110080 7.5
887468032 8.0
931909632 8.5
977235968 9.0
1016598528 9.5
1053925376 10.0
1091256320 10.5
1135943680 11.0
1182416896 11.5
1228378112 12.0
1273581568 12.5
1317130240 13.0
1359540224 13.5
1374265344 14.0
541233152 14.5
541147136 15.0
541147136 15.5
541147136 16.0
541147136 16.5
541147136 17.0
541147136 17.5
541147136 18.0
# 2018-06-08 07:34:01
# Total memory: 8543.72 MiB
540315648 0.0
540315648 0.5
540434432 1.0
540434432 1.5
540434432 2.0
540434432 2.5
540434432 3.0
540434432 3.5
542752768 4.0
579575808 4.5
621981696 5.0
663883776 5.5
709971968 6.0
756191232 6.5
802406400 7.0
848117760 7.5
892301312 8.0
940044288 8.5
985239552 9.0
1030189056 9.5
1075007488 10.0
1123004416 10.5
1167822848 11.0
1213788160 11.5
1258983424 12.0
1303425024 12.5
1351036928 13.0
1360941056 13.5
1364492288 14.0
541405184 14.5
541155328 15.0
541155328 15.5
541155328 16.0
541155328 16.5
541155328 17.0
541155328 17.5
541155328 18.0
# 2018-06-08 07:35:01
# Total memory: 8543.72 MiB
540659712 0.0
541057024 0.5
541057024 1.0
541057024 1.5
541057024 2.0
541057024 2.5
541057024 3.0
541057024 3.5
542732288 4.0
579059712 4.5
619438080 5.0
660574208 5.5
706285568 6.0
748818432 6.5
791990272 7.0
835538944 7.5
882520064 8.0
925687808 8.5
968351744 9.0
1011646464 9.5
1058627584 10.0
1102430208 10.5
1146617856 11.0
1190416384 11.5
1237905408 12.0
1282723840 12.5
1327419392 13.0
1360429056 13.5
1384046592 14.0
541855744 14.5
541855744 15.0
541847552 15.5
541847552 16.0
541847552 16.5
541847552 17.0
541847552 17.5
541847552 18.0
# 2018-06-08 07:36:01
# Total memory: 8543.72 MiB
540295168 0.0
540295168 0.5
540647424 1.0
540647424 1.5
540647424 2.0
540647424 2.5
540647424 3.0
540647424 3.5
542576640 4.0
579399680 4.5
618885120 5.0
660279296 5.5
705097728 6.0
747507712 6.5
790548480 7.0
833974272 7.5
880570368 8.0
924250112 8.5
967544832 9.0
1011224576 9.5
1059975168 10.0
1104924672 10.5
1151139840 11.0
1197867008 11.5
1242939392 12.0
1291698176 12.5
1337528320 13.0
1359876096 13.5
1364852736 14.0
541556736 14.5
541360128 15.0
541360128 15.5
541360128 16.0
541360128 16.5
541360128 17.0
541360128 17.5
541360128 18.0
# 2018-06-08 07:37:01
# Total memory: 8543.72 MiB
540217344 0.0
540344320 0.5
540344320 1.0
540463104 1.5
540463104 2.0
540463104 2.5
540463104 3.0
540463104 3.5
542138368 4.0
578957312 4.5
620605440 5.0
662126592 5.5
709869568 6.0
756719616 6.5
802684928 7.0
848515072 7.5
894988288 8.0
944758784 8.5
991485952 9.0
1037701120 9.5
1084174336 10.0
1130897408 10.5
1180164096 11.0
1225867264 11.5
1272340480 12.0
1318682624 12.5
1359568896 13.0
1379119104 13.5
541204480 14.0
541048832 14.5
541048832 15.0
541048832 15.5
541048832 16.0
541048832 16.5
541048832 17.0
541048832 17.5
# 2018-06-08 07:38:01
# Total memory: 8543.72 MiB
540057600 0.0
540057600 0.5
540303360 1.0
540303360 1.5
540303360 2.0
540303360 2.5
540303360 3.0
540303360 3.5
541827072 4.0
577888256 4.5
619302912 5.0
661204992 5.5
708055040 6.0
751988736 6.5
795664384 7.0
840613888 7.5
886956032 8.0
933175296 8.5
976973824 9.0
1022177280 9.5
1066614784 10.0
1114357760 10.5
1157906432 11.0
1202094080 11.5
1246527488 12.0
1293000704 12.5
1336422400 13.0
1359024128 13.5
1364484096 14.0
540741632 14.5
540762112 15.0
540762112 15.5
540762112 16.0
540762112 16.5
540762112 17.0
540762112 17.5
540762112 18.0
# 2018-06-08 07:39:01
# Total memory: 8543.72 MiB
540295168 0.0
540717056 0.5
540717056 1.0
540844032 1.5
540844032 2.0
540844032 2.5
540844032 3.0
540844032 3.5
542916608 4.0
579481600 4.5
614526976 5.0
655028224 5.5
703279104 6.0
748605440 6.5
793300992 7.0
837865472 7.5
885862400 8.0
931061760 8.5
975757312 9.0
1020956672 9.5
1065144320 10.0
1114025984 10.5
1158721536 11.0
1203027968 11.5
1247723520 12.0
1295843328 12.5
1339777024 13.0
1359200256 13.5
1364434944 14.0
540819456 14.5
540819456 15.0
540811264 15.5
540811264 16.0
540811264 16.5
540811264 17.0
540811264 17.5
540811264 18.0
# 2018-06-08 07:40:01
# Total memory: 8543.72 MiB
540123136 0.0
540123136 0.5
540368896 1.0
540368896 1.5
540368896 2.0
540368896 2.5
540368896 3.0
540368896 3.5
542830592 4.0
584478720 4.5
627392512 5.0
669040640 5.5
712589312 6.0
760586240 6.5
804769792 7.0
850481152 7.5
896442368 8.0
944947200 8.5
989638656 9.0
1035603968 9.5
1080418304 10.0
1124605952 10.5
1173614592 11.0
1219072000 11.5
1264779264 12.0
1300078592 12.5
1343750144 13.0
1359495168 13.5
1364520960 14.0
541106176 14.5
540979200 15.0
540979200 15.5
540979200 16.0
540979200 16.5
540979200 17.0
540979200 17.5
540979200 18.0
# 2018-06-08 07:41:01
# Total memory: 8543.72 MiB
540004352 0.0
541061120 0.5
541061120 1.0
541061120 1.5
541061120 2.0
541061120 2.5
541061120 3.0
541061120 3.5
543117312 4.0
579936256 4.5
621203456 5.0
662089728 5.5
707923968 6.0
750587904 6.5
792485888 7.0
834895872 7.5
880603136 8.0
923521024 8.5
966811648 9.0
1009983488 9.5
1057214464 10.0
1100386304 10.5
1143808000 11.0
1187233792 11.5
1233829888 12.0
1277255680 12.5
1320038400 13.0
1360162816 13.5
1374257152 14.0
541741056 14.5
541646848 15.0
541646848 15.5
541519872 16.0
541519872 16.5
541519872 17.0
541519872 17.5
541519872 18.0
# 2018-06-08 07:42:01
# Total memory: 8543.72 MiB
540086272 0.0
540229632 0.5
540229632 1.0
540356608 1.5
540356608 2.0
540356608 2.5
540356608 3.0
540356608 3.5
542175232 4.0
578105344 4.5
619753472 5.0
662032384 5.5
710029312 6.0
754593792 6.5
798527488 7.0
843345920 7.5
888295424 8.0
936542208 8.5
981237760 9.0
1025548288 9.5
1070751744 10.0
1118994432 10.5
1164197888 11.0
1208889344 11.5
1251553280 12.0
1299038208 12.5
1342717952 13.0
1359728640 13.5
1364639744 14.0
541220864 14.5
541220864 15.0
541212672 15.5
541212672 16.0
541212672 16.5
541212672 17.0
541212672 17.5
541212672 18.0
# 2018-06-08 07:43:01
# Total memory: 8543.72 MiB
540307456 0.0
540307456 0.5
540712960 1.0
540712960 1.5
540712960 2.0
540712960 2.5
540712960 3.0
540712960 3.5
542388224 4.0
580227072 4.5
624537600 5.0
667963392 5.5
713416704 6.0
760905728 6.5
805978112 7.0
851181568 7.5
896253952 8.0
945012736 8.5
988557312 9.0
1032998912 9.5
1076928512 10.0
1123147776 10.5
1169108992 11.0
1213550592 11.5
1258369024 12.0
1303826432 12.5
1351434240 13.0
1361338368 13.5
1364250624 14.0
541257728 14.5
541171712 15.0
541171712 15.5
541171712 16.0
541171712 16.5
541171712 17.0
541171712 17.5
541171712 18.0
# 2018-06-08 07:44:01
# Total memory: 8543.72 MiB
540098560 0.0
540704768 0.5
540704768 1.0
540823552 1.5
540823552 2.0
540823552 2.5
540823552 3.0
540823552 3.5
543006720 4.0
577032192 4.5
616140800 5.0
657408000 5.5
704897024 6.0
748191744 6.5
792125440 7.0
836055040 7.5
882528256 8.0
926965760 8.5
970899456 9.0
1014571008 9.5
1061552128 10.0
1105481728 10.5
1149669376 11.0
1192837120 11.5
1238548480 12.0
1281585152 12.5
1324249088 13.0
1359798272 13.5
1379098624 14.0
541425664 14.5
541425664 15.0
541282304 15.5
541282304 16.0
541282304 16.5
541282304 17.0
541282304 17.5
541282304 18.0
# 2018-06-08 07:45:01
# Total memory: 8543.72 MiB
540246016 0.0
540844032 0.5
540844032 1.0
540844032 1.5
540844032 2.0
540844032 2.5
540844032 3.0
540844032 3.5
542535680 4.0
578973696 4.5
621891584 5.0
664932352 5.5
710389760 6.0
758382592 6.5
802824192 7.0
848658432 7.5
893861888 8.0
941473792 8.5
986169344 9.0
1032511488 9.5
1078476800 10.0
1124687872 10.5
1173954560 11.0
1219915776 11.5
1265627136 12.0
1311207424 12.5
1359966208 13.0
1370501120 13.5
541626368 14.0
541446144 14.5
541446144 15.0
541446144 15.5
541446144 16.0
541446144 16.5
541446144 17.0
541446144 17.5
# 2018-06-08 07:46:01
# Total memory: 8543.72 MiB
539832320 0.0
540356608 0.5
540356608 1.0
540356608 1.5
540356608 2.0
540356608 2.5
540356608 3.0
540356608 3.5
542158848 4.0
578596864 4.5
621768704 5.0
664174592 5.5
709885952 6.0
753561600 6.5
796479488 7.0
840282112 7.5
886755328 8.0
929542144 8.5
972713984 9.0
1016135680 9.5
1062608896 10.0
1104887808 10.5
1148567552 11.0
1191858176 11.5
1239093248 12.0
1282260992 12.5
1324417024 13.0
1359458304 13.5
1379774464 14.0
541192192 14.5
541192192 15.0
540942336 15.5
540942336 16.0
540942336 16.5
540942336 17.0
540942336 17.5
540942336 18.0
# 2018-06-08 07:47:01
# Total memory: 8543.72 MiB
540893184 0.0
540893184 0.5
541298688 1.0
541298688 1.5
541298688 2.0
541298688 2.5
541298688 3.0
541298688 3.5
543371264 4.0
580448256 4.5
624377856 5.0
667041792 5.5
712495104 6.0
760999936 6.5
807088128 7.0
851275776 7.5
895459328 8.0
944472064 8.5
989798400 9.0
1035509760 9.5
1080705024 10.0
1125654528 10.5
1175044096 11.0
1221263360 11.5
1265827840 12.0
1311285248 12.5
1359273984 13.0
1369178112 13.5
542081024 14.0
542081024 14.5
541900800 15.0
541900800 15.5
541900800 16.0
541900800 16.5
541900800 17.0
541900800 17.5
# 2018-06-08 07:48:01
# Total memory: 8543.72 MiB
540549120 0.0
540819456 0.5
541106176 1.0
541106176 1.5
541106176 2.0
541106176 2.5
541106176 3.0
541106176 3.5
543416320 4.0
578207744 4.5
618962944 5.0
660103168 5.5
704159744 6.0
747585536 6.5
790118400 7.0
832782336 7.5
878743552 8.0
920899584 8.5
963813376 9.0
1008254976 9.5
1055866880 10.0
1101570048 10.5
1146265600 11.0
1190449152 11.5
1237176320 12.0
1280978944 12.5
1324404736 13.0
1360334848 13.5
1381158912 14.0
541827072 14.5
541827072 15.0
541818880 15.5
541818880 16.0
541818880 16.5
541818880 17.0
541818880 17.5
541818880 18.0
# 2018-06-08 07:49:01
# Total memory: 8543.72 MiB
540315648 0.0
540569600 0.5
540618752 1.0
540618752 1.5
540618752 2.0
540618752 2.5
540618752 3.0
540618752 3.5
542928896 4.0
577466368 4.5
619872256 5.0
661266432 5.5
708751360 6.0
752939008 6.5
797122560 7.0
841310208 7.5
887525376 8.0
930443264 8.5
973352960 9.0
1016524800 9.5
1062739968 10.0
1105657856 10.5
1148571648 11.0
1193267200 11.5
1240879104 12.0
1285320704 12.5
1329119232 13.0
1359847424 13.5
1386131456 14.0
541700096 14.5
541458432 15.0
541458432 15.5
541458432 16.0
541458432 16.5
541458432 17.0
541458432 17.5
541458432 18.0
# 2018-06-08 07:50:02
# Total memory: 8543.72 MiB
540897280 0.0
541159424 0.5
541159424 1.0
541159424 1.5
541159424 2.0
541159424 2.5
541159424 3.0
541159424 3.5
542707712 4.0
579526656 4.5
621682688 5.0
664088576 5.5
710561792 6.0
756269056 6.5
799694848 7.0
844259328 7.5
888193024 8.0
935677952 8.5
979865600 9.0
1024430080 9.5
1069633536 10.0
1117499392 10.5
1161433088 11.0
1204342784 11.5
1247514624 12.0
1294110720 12.5
1336774656 13.0
1360261120 13.5
1365405696 14.0
541921280 14.5
541921280 15.0
541745152 15.5
541745152 16.0
541745152 16.5
541745152 17.0
541745152 17.5
541745152 18.0
# 2018-06-08 07:51:01
# Total memory: 8543.72 MiB
540524544 0.0
540524544 0.5
540909568 1.0
540909568 1.5
540909568 2.0
540909568 2.5
540909568 3.0
540909568 3.5
542855168 4.0
579678208 4.5
614211584 5.0
656113664 5.5
704995328 6.0
750706688 6.5
795779072 7.0
841236480 7.5
887070720 8.0
932274176 8.5
977219584 9.0
1021915136 9.5
1066856448 10.0
1114599424 10.5
1158402048 11.0
1203351552 11.5
1248677888 12.0
1297182720 12.5
1341493248 13.0
1359523840 13.5
1364545536 14.0
541401088 14.5
541130752 15.0
541130752 15.5
541130752 16.0
541130752 16.5
541130752 17.0
541130752 17.5
541130752 18.0
# 2018-06-08 07:52:01
# Total memory: 8543.72 MiB
540282880 0.0
540282880 0.5
540897280 1.0
540897280 1.5
540897280 2.0
540897280 2.5
540897280 3.0
540897280 3.5
542572544 4.0
579395584 4.5
621547520 5.0
661925888 5.5
708521984 6.0
750424064 6.5
794480640 7.0
838922240 7.5
886407168 8.0
931102720 8.5
973250560 9.0
1017438208 9.5
1064415232 10.0
1110634496 10.5
1155706880 11.0
1200148480 11.5
1244073984 12.0
1291563008 12.5
1335365632 13.0
1359745024 13.5
1365078016 14.0
541708288 14.5
541483008 15.0
541483008 15.5
541483008 16.0
541483008 16.5
541483008 17.0
541483008 17.5
541483008 18.0
# 2018-06-08 07:53:01
# Total memory: 8543.72 MiB
539844608 0.0
540708864 0.5
540708864 1.0
540708864 1.5
540708864 2.0
540708864 2.5
540708864 3.0
540708864 3.5
542232576 4.0
579346432 4.5
623280128 5.0
666574848 5.5
711524352 6.0
760152064 6.5
805863424 7.0
850935808 7.5
895123456 8.0
942862336 8.5
986542080 9.0
1030852608 9.5
1075548160 10.0
1123409920 10.5
1166581760 11.0
1211019264 11.5
1256476672 12.0
1301422080 12.5
1349419008 13.0
1359826944 13.5
1365061632 14.0
541446144 14.5
541446144 15.0
541437952 15.5
541437952 16.0
541437952 16.5
541437952 17.0
541437952 17.5
541437952 18.0
# 2018-06-08 07:54:01
# Total memory: 8543.72 MiB
540291072 0.0
540291072 0.5
540798976 1.0
540798976 1.5
540798976 2.0
540798976 2.5
540798976 3.0
540798976 3.5
542855168 4.0
578916352 4.5
621576192 5.0
663224320 5.5
710455296 6.0
754896896 6.5
798445568 7.0
843902976 7.5
888213504 8.0
935956480 8.5
981028864 9.0
1025724416 9.5
1069268992 10.0
1115488256 10.5
1159163904 11.0
1203097600 11.5
1245376512 12.0
1292103680 12.5
1335271424 13.0
1360158720 13.5
1365389312 14.0
541798400 14.5
541638656 15.0
541638656 15.5
541638656 16.0
541638656 16.5
541638656 17.0
541638656 17.5
541638656 18.0
# 2018-06-08 07:55:01
# Total memory: 8543.72 MiB
541044736 0.0
541298688 0.5
541425664 1.0
541425664 1.5
541425664 2.0
541425664 2.5
541425664 3.0
541425664 3.5
543735808 4.0
580558848 4.5
623472640 5.0
667660288 5.5
713494528 6.0
761999360 6.5
807956480 7.0
854175744 7.5
899629056 8.0
947118080 8.5
993587200 9.0
1039298560 9.5
1085005824 10.0
1128431616 10.5
1175912448 11.0
1220861952 11.5
1266315264 12.0
1310502912 12.5
1357987840 13.0
1367891968 13.5
542334976 14.0
542334976 14.5
542138368 15.0
542138368 15.5
542138368 16.0
542138368 16.5
542138368 17.0
542138368 17.5
# 2018-06-08 07:56:01
# Total memory: 8543.72 MiB
540606464 0.0
540606464 0.5
540999680 1.0
540999680 1.5
540999680 2.0
540999680 2.5
540999680 3.0
540999680 3.5
543055872 4.0
578101248 4.5
618602496 5.0
659234816 5.5
704815104 6.0
747479040 6.5
790900736 7.0
834834432 7.5
882446336 8.0
926380032 8.5
971198464 9.0
1014878208 9.5
1062232064 10.0
1106927616 10.5
1151238144 11.0
1195425792 11.5
1241894912 12.0
1286844416 12.5
1331785728 13.0
1360482304 13.5
1365499904 14.0
541782016 14.5
541712384 15.0
541712384 15.5
541712384 16.0
541712384 16.5
541712384 17.0
541712384 17.5
541712384 18.0
# 2018-06-08 07:57:02
# Total memory: 8543.72 MiB
540307456 0.0
540770304 0.5
540770304 1.0
540762112 1.5
540762112 2.0
540635136 2.5
540635136 3.0
540635136 3.5
542183424 4.0
579510272 4.5
623443968 5.0
666738688 5.5
712196096 6.0
761331712 6.5
806281216 7.0
852623360 7.5
898588672 8.0
946327552 8.5
994832384 9.0
1040666624 9.5
1086885888 10.0
1133350912 10.5
1182363648 11.0
1228324864 11.5
1273528320 12.0
1317584896 12.5
1359740928 13.0
1377386496 13.5
541282304 14.0
541220864 14.5
541220864 15.0
541220864 15.5
541220864 16.0
541220864 16.5
541220864 17.0
541220864 17.5
# 2018-06-08 07:58:01
# Total memory: 8543.72 MiB
540332032 0.0
540762112 0.5
540762112 1.0
540753920 1.5
540753920 2.0
540753920 2.5
540753920 3.0
540753920 3.5
542683136 4.0
579756032 4.5
622419968 5.0
666226688 5.5
712445952 6.0
762343424 6.5
807800832 7.0
854773760 7.5
901246976 8.0
947716096 8.5
997744640 9.0
1043197952 9.5
1089417216 10.0
1136648192 10.5
1183629312 11.0
1233141760 11.5
1278599168 12.0
1323417600 12.5
1359986688 13.0
1383219200 13.5
541962240 14.0
541720576 14.5
541720576 15.0
541720576 15.5
541720576 16.0
541720576 16.5
541720576 17.0
541720576 17.5
# 2018-06-08 07:59:01
# Total memory: 8543.72 MiB
539983872 0.0
539983872 0.5
540479488 1.0
540479488 1.5
540479488 2.0
540479488 2.5
540479488 3.0
540479488 3.5
542662656 4.0
579231744 4.5
622272512 5.0
665698304 5.5
712454144 6.0
762228736 6.5
808062976 7.0
854536192 7.5
900874240 8.0
947855360 8.5
997371904 9.0
1042575360 9.5
1088028672 10.0
1134247936 10.5
1182490624 11.0
1231249408 11.5
1278226432 12.0
1324953600 12.5
1359486976 13.0
1386151936 13.5
541233152 14.0
541233152 14.5
541224960 15.0
541224960 15.5
541224960 16.0
541224960 16.5
541224960 17.0
541224960 17.5
# 2018-06-08 08:00:01
# Total memory: 8543.72 MiB
540098560 0.0
540352512 0.5
540839936 1.0
540839936 1.5
540839936 2.0
540839936 2.5
540839936 3.0
540839936 3.5
542023680 4.0
580624384 4.5
626839552 5.0
671281152 5.5
718639104 6.0
767905792 6.5
814755840 7.0
861229056 7.5
908206080 8.0
954933248 8.5
1004445696 9.0
1051680768 9.5
1098022912 10.0
1143226368 10.5
1188933632 11.0
1238200320 11.5
1284665344 12.0
1330884608 12.5
1359577088 13.0
1364811776 13.5
541122560 14.0
541122560 14.5
541061120 15.0
541061120 15.5
541061120 16.0
541061120 16.5
541061120 17.0
541061120 17.5
# 2018-06-08 08:01:01
# Total memory: 8543.72 MiB
539959296 0.0
539959296 0.5
540479488 1.0
540479488 1.5
540479488 2.0
540479488 2.5
540479488 3.0
540479488 3.5
542281728 4.0
577835008 4.5
623034368 5.0
666714112 5.5
712548352 6.0
761561088 6.5
806760448 7.0
852217856 7.5
897671168 8.0
944906240 8.5
993026048 9.0
1038991360 9.5
1084948480 10.0
1131167744 10.5
1180430336 11.0
1226903552 11.5
1272991744 12.0
1318449152 12.5
1358311424 13.0
1378373632 13.5
540205056 14.0
540205056 14.5
540049408 15.0
540049408 15.5
540049408 16.0
540049408 16.5
540049408 17.0
540049408 17.5
# 2018-06-08 08:02:01
# Total memory: 8543.72 MiB
541118464 0.0
541540352 0.5
541540352 1.0
541667328 1.5
541667328 2.0
541667328 2.5
541667328 3.0
541667328 3.5
543723520 4.0
580288512 4.5
623714304 5.0
668151808 5.5
712339456 6.0
759951360 6.5
804646912 7.0
849592320 7.5
894033920 8.0
940756992 8.5
985452544 9.0
1031540736 9.5
1077760000 10.0
1124605952 10.5
1173364736 11.0
1220087808 11.5
1266814976 12.0
1312899072 12.5
1360388096 13.0
1372069888 13.5
542158848 14.0
541999104 14.5
541999104 15.0
541999104 15.5
541999104 16.0
541999104 16.5
541999104 17.0
541999104 17.5
# 2018-06-08 08:03:01
# Total memory: 8543.72 MiB
540086272 0.0
540508160 0.5
540508160 1.0
540508160 1.5
540508160 2.0
540508160 2.5
540508160 3.0
540508160 3.5
542818304 4.0
578240512 4.5
620396544 5.0
664072192 5.5
710037504 6.0
757395456 6.5
803106816 7.0
848052224 7.5
893763584 8.0
942645248 8.5
987848704 9.0
1033302016 9.5
1076981760 10.0
1123192832 10.5
1170173952 11.0
1214992384 11.5
1260957696 12.0
1305776128 12.5
1354534912 13.0
1365704704 13.5
541470720 14.0
541220864 14.5
541220864 15.0
541220864 15.5
541220864 16.0
541347840 16.5
541347840 17.0
541347840 17.5
