# 2018-06-07 21:31:06
11.6 0.0
3.2 0.5
8.6 1.0
7.5 1.5
10.8 2.0
17.0 2.5
12.8 3.0
8.3 3.5
55.8 4.0
54.6 4.5
52.5 5.0
57.7 5.5
56.7 6.0
53.6 6.5
57.9 7.0
56.6 7.5
54.1 8.0
57.6 8.5
54.6 9.0
58.0 9.5
58.6 10.0
54.6 10.5
55.8 11.0
57.6 11.5
57.3 12.0
59.8 12.5
57.7 13.0
56.3 13.5
71.7 14.0
54.2 14.5
62.6 15.0
58.8 15.5
64.4 16.0
53.6 16.5
61.9 17.0
60.6 17.5
57.3 18.0
57.7 18.5
58.3 19.0
6.2 19.5
8.6 20.0
5.3 20.5
12.6 21.0
7.4 21.5  
# 2018-06-07 21:32:06
11.8 0.0
5.4 0.5
9.8 1.0
6.5 1.5
8.3 2.0
12.9 2.5
10.9 3.0
8.5 3.5
60.4 4.0
58.6 4.5
60.4 5.0
60.8 5.5
62.5 6.0
57.7 6.5
56.3 7.0
56.7 7.5
55.7 8.0
56.2 8.5
63.5 9.0
56.2 9.5
60.4 10.0
55.8 10.5
56.6 11.0
55.2 11.5
60.4 12.0
59.4 12.5
64.2 13.0
57.3 13.5
59.4 14.0
55.8 14.5
59.6 15.0
55.7 15.5
61.9 16.0
55.2 16.5
35.8 17.0
6.3 17.5
7.4 18.0
6.2 18.5
10.9 19.0
5.4 19.5
8.6 20.0
7.6 20.5
12.0 21.0
# 2018-06-07 21:33:06
5.4 0.0
7.2 0.5
5.3 1.0
8.7 1.5
8.2 2.0
14.3 2.5
8.4 3.0
8.7 3.5
54.2 4.0
56.7 4.5
54.2 5.0
58.2 5.5
54.2 6.0
56.3 6.5
53.6 7.0
54.1 7.5
55.2 8.0
55.7 8.5
55.1 9.0
55.1 9.5
59.4 10.0
56.3 10.5
57.1 11.0
52.6 11.5
56.7 12.0
56.7 12.5
59.2 13.0
54.6 13.5
56.7 14.0
56.3 14.5
54.2 15.0
42.3 15.5
7.5 16.0
14.3 16.5
7.4 17.0
5.4 17.5
10.6 18.0
11.6 18.5
8.5 19.0
7.6 19.5
# 2018-06-07 21:34:06
6.4 0.0
8.8 0.5
8.5 1.0
5.5 1.5
6.3 2.0
18.5 2.5
12.2 3.0
11.7 3.5
54.6 4.0
56.3 4.5
55.1 5.0
74.0 5.5
53.6 6.0
56.3 6.5
54.6 7.0
53.1 7.5
56.3 8.0
55.7 8.5
55.2 9.0
54.1 9.5
57.9 10.0
54.6 10.5
54.2 11.0
53.6 11.5
57.1 12.0
57.3 12.5
61.6 13.0
54.7 13.5
55.1 14.0
57.3 14.5
53.6 15.0
31.6 15.5
10.8 16.0
9.9 16.5
7.5 17.0
4.2 17.5
9.8 18.0
8.7 18.5
7.6 19.0
5.4 19.5
# 2018-06-07 21:38:06
7.4 0.0
7.6 0.5
5.3 1.0
9.6 1.5
6.5 2.0
12.0 2.5
5.4 3.0
8.5 3.5
53.1 4.0
55.6 4.5
54.2 5.0
54.5 5.5
55.2 6.0
59.4 6.5
55.1 7.0
55.2 7.5
54.6 8.0
55.7 8.5
54.7 9.0
55.2 9.5
54.2 10.0
60.2 10.5
53.0 11.0
53.1 11.5
52.1 12.0
56.1 12.5
55.2 13.0
55.7 13.5
56.1 14.0
57.3 14.5
55.1 15.0
56.1 15.5
51.0 16.0
14.7 16.5
5.2 17.0
5.6 17.5
7.4 18.0
8.7 18.5
6.5 19.0
9.8 19.5
4.3 20.0
12.5 20.5
# 2018-06-07 21:39:06
10.8 0.0
8.7 0.5
6.5 1.0
8.5 1.5
9.7 2.0
9.5 2.5
7.5 3.0
7.6 3.5
59.4 4.0
55.7 4.5
55.7 5.0
57.3 5.5
55.7 6.0
57.3 6.5
56.1 7.0
54.6 7.5
54.6 8.0
54.2 8.5
57.7 9.0
56.3 9.5
60.8 10.0
55.2 10.5
55.7 11.0
54.6 11.5
58.3 12.0
54.6 12.5
57.3 13.0
54.3 13.5
59.8 14.0
54.2 14.5
54.2 15.0
30.9 15.5
3.2 16.0
4.1 16.5
5.3 17.0
6.6 17.5
9.7 18.0
6.6 18.5
10.6 19.0
7.6 19.5
# 2018-06-07 21:40:06
5.3 0.0
5.2 0.5
7.5 1.0
8.6 1.5
11.7 2.0
4.2 2.5
8.8 3.0
6.5 3.5
60.8 4.0
54.7 4.5
60.8 5.0
60.8 5.5
62.1 6.0
55.2 6.5
57.4 7.0
57.9 7.5
62.5 8.0
56.3 8.5
59.6 9.0
57.3 9.5
63.5 10.0
55.2 10.5
58.9 11.0
57.3 11.5
58.9 12.0
54.2 12.5
60.4 13.0
56.3 13.5
61.7 14.0
58.2 14.5
57.9 15.0
45.8 15.5
10.5 16.0
28.1 16.5
8.6 17.0
9.5 17.5
12.9 18.0
2.1 18.5
10.9 19.0
4.2 19.5
# 2018-06-07 21:41:07
8.6 0.0
11.6 0.5
4.3 1.0
7.4 1.5
10.8 2.0
5.3 2.5
8.5 3.0
10.6 3.5
58.8 4.0
61.9 4.5
58.3 5.0
58.9 5.5
58.8 6.0
55.2 6.5
53.7 7.0
56.6 7.5
58.3 8.0
55.8 8.5
54.8 9.0
55.7 9.5
58.8 10.0
52.6 10.5
55.2 11.0
54.6 11.5
59.4 12.0
54.2 12.5
56.7 13.0
53.7 13.5
57.3 14.0
56.6 14.5
56.4 15.0
34.3 15.5
11.6 16.0
8.5 16.5
8.6 17.0
8.4 17.5
12.1 18.0
8.2 18.5
11.6 19.0
6.5 19.5
# 2018-06-07 21:42:07
9.5 0.0
9.8 0.5
7.5 1.0
8.9 1.5
17.9 2.0
10.5 2.5
7.6 3.0
18.8 3.5
55.2 4.0
56.7 4.5
55.1 5.0
57.3 5.5
56.1 6.0
55.7 6.5
56.7 7.0
55.7 7.5
56.3 8.0
54.1 8.5
53.7 9.0
56.1 9.5
58.3 10.0
54.6 10.5
54.2 11.0
54.6 11.5
54.7 12.0
55.7 12.5
55.7 13.0
54.2 13.5
57.9 14.0
58.8 14.5
56.1 15.0
56.3 15.5
19.8 16.0
6.5 16.5
7.5 17.0
9.6 17.5
10.8 18.0
4.4 18.5
6.6 19.0
7.8 19.5
10.9 20.0
# 2018-06-07 21:43:07
7.4 0.0
14.0 0.5
7.6 1.0
18.3 1.5
6.4 2.0
4.2 2.5
5.3 3.0
11.0 3.5
54.6 4.0
57.3 4.5
54.5 5.0
74.2 5.5
54.6 6.0
55.2 6.5
53.6 7.0
56.8 7.5
54.6 8.0
56.4 8.5
56.8 9.0
61.9 9.5
60.8 10.0
57.9 10.5
55.8 11.0
62.9 11.5
55.8 12.0
59.4 12.5
56.8 13.0
58.9 13.5
57.3 14.0
60.0 14.5
59.2 15.0
43.6 15.5
5.3 16.0
7.7 16.5
5.4 17.0
7.6 17.5
6.5 18.0
8.8 18.5
6.4 19.0
13.7 19.5
# 2018-06-07 21:44:07
8.4 0.0
10.8 0.5
4.3 1.0
12.0 1.5
5.2 2.0
7.6 2.5
7.4 3.0
8.8 3.5
56.8 4.0
60.8 4.5
54.2 5.0
62.1 5.5
55.2 6.0
57.3 6.5
54.1 7.0
56.8 7.5
54.7 8.0
55.2 8.5
54.2 9.0
59.8 9.5
57.7 10.0
54.7 10.5
54.2 11.0
55.7 11.5
55.2 12.0
55.7 12.5
55.2 13.0
59.4 13.5
54.2 14.0
57.7 14.5
55.7 15.0
29.0 15.5
8.3 16.0
8.6 16.5
6.5 17.0
11.6 17.5
5.4 18.0
8.7 18.5
8.5 19.0
13.8 19.5
# 2018-06-07 21:45:07
4.3 0.0
11.8 0.5
5.4 1.0
15.8 1.5
7.4 2.0
8.5 2.5
6.4 3.0
12.9 3.5
56.1 4.0
61.7 4.5
56.7 5.0
58.3 5.5
54.6 6.0
55.2 6.5
54.6 7.0
56.7 7.5
53.7 8.0
56.7 8.5
54.7 9.0
60.8 9.5
54.2 10.0
55.2 10.5
53.6 11.0
56.7 11.5
54.2 12.0
55.1 12.5
56.8 13.0
58.3 13.5
53.1 14.0
56.1 14.5
58.8 15.0
38.5 15.5
3.1 16.0
7.5 16.5
3.2 17.0
13.8 17.5
5.3 18.0
8.6 18.5
6.5 19.0
11.7 19.5
# 2018-06-07 21:46:08
11.7 0.0
23.2 0.5
12.0 1.0
7.3 1.5
5.3 2.0
6.3 2.5
13.7 3.0
5.3 3.5
56.7 4.0
59.8 4.5
62.5 5.0
55.7 5.5
54.2 6.0
56.2 6.5
54.6 7.0
55.2 7.5
53.6 8.0
58.2 8.5
57.9 9.0
57.7 9.5
54.6 10.0
55.2 10.5
55.2 11.0
56.1 11.5
54.7 12.0
54.7 12.5
56.1 13.0
54.2 13.5
54.2 14.0
60.6 14.5
55.2 15.0
38.1 15.5
6.1 16.0
11.7 16.5
10.6 17.0
5.2 17.5
4.2 18.0
8.7 18.5
13.8 19.0
9.6 19.5
# 2018-06-07 21:47:07
5.4 0.0
12.8 0.5
9.6 1.0
12.8 1.5
5.4 2.0
8.5 2.5
18.7 3.0
9.8 3.5
53.6 4.0
54.3 4.5
56.1 5.0
57.1 5.5
52.0 6.0
54.0 6.5
52.1 7.0
56.1 7.5
51.0 8.0
53.5 8.5
55.6 9.0
55.7 9.5
53.1 10.0
55.7 10.5
56.7 11.0
56.7 11.5
53.6 12.0
55.2 12.5
58.3 13.0
52.0 13.5
54.6 14.0
56.1 14.5
58.8 15.0
54.6 15.5
41.7 16.0
7.4 16.5
10.5 17.0
5.2 17.5
7.5 18.0
6.5 18.5
13.0 19.0
7.5 19.5
8.4 20.0
# 2018-06-07 21:48:08
5.4 0.0
13.8 0.5
11.0 1.0
14.1 1.5
5.4 2.0
7.5 2.5
13.8 3.0
9.6 3.5
56.3 4.0
56.6 4.5
63.2 5.0
56.0 5.5
54.6 6.0
55.7 6.5
54.2 7.0
55.1 7.5
54.2 8.0
54.6 8.5
56.7 9.0
56.7 9.5
54.2 10.0
54.1 10.5
55.8 11.0
55.7 11.5
55.7 12.0
54.6 12.5
61.5 13.0
55.2 13.5
54.2 14.0
56.1 14.5
57.1 15.0
44.3 15.5
3.3 16.0
15.8 16.5
10.8 17.0
5.2 17.5
4.3 18.0
6.5 18.5
13.8 19.0
12.8 19.5
# 2018-06-07 21:49:08
4.3 0.0
10.5 0.5
15.1 1.0
10.6 1.5
6.4 2.0
8.7 2.5
21.9 3.0
8.5 3.5
54.2 4.0
56.8 4.5
56.7 5.0
60.4 5.5
54.2 6.0
54.6 6.5
55.8 7.0
54.6 7.5
54.6 8.0
55.7 8.5
56.1 9.0
56.7 9.5
54.2 10.0
54.6 10.5
55.7 11.0
55.7 11.5
53.1 12.0
55.2 12.5
57.7 13.0
55.7 13.5
54.2 14.0
56.1 14.5
57.6 15.0
56.3 15.5
30.9 16.0
8.4 16.5
9.4 17.0
9.5 17.5
4.4 18.0
5.3 18.5
12.1 19.0
7.4 19.5
6.6 20.0
# 2018-06-07 21:50:08
4.2 0.0
13.7 0.5
10.0 1.0
7.4 1.5
6.4 2.0
9.8 2.5
7.6 3.0
11.7 3.5
54.7 4.0
56.3 4.5
54.1 5.0
56.7 5.5
54.6 6.0
55.7 6.5
54.1 7.0
54.1 7.5
51.5 8.0
55.2 8.5
56.2 9.0
57.7 9.5
54.2 10.0
58.3 10.5
53.1 11.0
55.7 11.5
54.6 12.0
55.2 12.5
56.3 13.0
55.1 13.5
54.6 14.0
58.8 14.5
54.6 15.0
57.7 15.5
9.5 16.0
17.4 16.5
8.5 17.0
7.4 17.5
5.3 18.0
10.5 18.5
12.8 19.0
7.5 19.5
6.5 20.0
# 2018-06-07 21:51:08
4.1 0.0
12.9 0.5
10.4 1.0
8.5 1.5
2.1 2.0
12.1 2.5
8.6 3.0
11.8 3.5
54.2 4.0
59.4 4.5
57.7 5.0
66.0 5.5
56.8 6.0
62.1 6.5
55.7 7.0
58.9 7.5
54.7 8.0
62.2 8.5
55.8 9.0
60.0 9.5
56.8 10.0
60.4 10.5
56.3 11.0
59.1 11.5
57.3 12.0
61.1 12.5
58.3 13.0
60.0 13.5
60.4 14.0
60.8 14.5
56.3 15.0
20.0 15.5
9.7 16.0
9.7 16.5
6.5 17.0
7.5 17.5
8.5 18.0
4.3 18.5
10.6 19.0
5.5 19.5
# 2018-06-07 21:52:08
2.1 0.0
13.0 0.5
8.4 1.0
9.6 1.5
11.8 2.0
9.6 2.5
8.6 3.0
6.5 3.5
57.3 4.0
58.8 4.5
59.8 5.0
56.1 5.5
54.6 6.0
55.2 6.5
53.6 7.0
55.2 7.5
54.5 8.0
55.2 8.5
57.1 9.0
54.2 9.5
54.1 10.0
55.2 10.5
55.7 11.0
54.3 11.5
55.1 12.0
55.2 12.5
56.7 13.0
54.6 13.5
55.8 14.0
56.1 14.5
54.2 15.0
53.6 15.5
4.1 16.0
7.2 16.5
5.2 17.0
7.4 17.5
4.3 18.0
18.4 18.5
8.4 19.0
7.4 19.5
# 2018-06-07 21:53:08
7.4 0.0
7.6 0.5
12.0 1.0
6.5 1.5
5.5 2.0
11.7 2.5
9.7 3.0
7.5 3.5
56.3 4.0
52.0 4.5
57.9 5.0
54.6 5.5
61.9 6.0
56.3 6.5
55.1 7.0
54.2 7.5
56.7 8.0
59.4 8.5
59.4 9.0
55.2 9.5
53.0 10.0
57.3 10.5
55.1 11.0
53.1 11.5
54.6 12.0
56.1 12.5
54.6 13.0
56.1 13.5
67.3 14.0
53.5 14.5
55.1 15.0
55.1 15.5
57.1 16.0
39.8 16.5
5.3 17.0
6.5 17.5
10.9 18.0
9.7 18.5
9.4 19.0
7.1 19.5
19.2 20.0
9.7 20.5
# 2018-06-07 21:54:08
10.8 0.0
13.8 0.5
7.4 1.0
11.7 1.5
13.2 2.0
8.8 2.5
7.4 3.0
7.4 3.5
58.3 4.0
54.7 4.5
59.8 5.0
55.2 5.5
63.5 6.0
52.6 6.5
53.6 7.0
53.1 7.5
59.8 8.0
56.8 8.5
59.4 9.0
54.1 9.5
54.7 10.0
52.6 10.5
53.1 11.0
55.1 11.5
59.8 12.0
55.7 12.5
55.2 13.0
54.6 13.5
57.7 14.0
54.5 14.5
54.2 15.0
55.1 15.5
44.8 16.0
3.2 16.5
8.7 17.0
7.4 17.5
12.6 18.0
5.4 18.5
8.7 19.0
6.3 19.5
14.1 20.0
# 2018-06-07 21:55:09
14.7 0.0
14.1 0.5
7.7 1.0
9.6 1.5
9.7 2.0
12.0 2.5
18.3 3.0
9.5 3.5
60.4 4.0
57.9 4.5
63.2 5.0
57.9 5.5
60.8 6.0
52.0 6.5
55.7 7.0
54.7 7.5
61.1 8.0
56.7 8.5
61.5 9.0
59.4 9.5
57.9 10.0
54.6 10.5
53.6 11.0
53.7 11.5
60.0 12.0
57.3 12.5
57.4 13.0
57.9 13.5
60.4 14.0
55.8 14.5
58.8 15.0
56.8 15.5
62.1 16.0
55.1 16.5
57.9 17.0
54.7 17.5
14.4 18.0
14.9 18.5
11.8 19.0
11.6 19.5
16.7 20.0
4.3 20.5
5.4 21.0
4.3 21.5
# 2018-06-07 21:56:09
10.6 0.0
7.4 0.5
9.4 1.0
6.5 1.5
13.2 2.0
10.6 2.5
8.7 3.0
6.1 3.5
59.4 4.0
55.2 4.5
76.5 5.0
56.8 5.5
63.5 6.0
56.8 6.5
57.4 7.0
56.4 7.5
62.2 8.0
55.8 8.5
63.5 9.0
55.3 9.5
60.4 10.0
56.4 10.5
57.3 11.0
56.4 11.5
64.6 12.0
60.4 12.5
57.3 13.0
58.8 13.5
60.0 14.0
61.1 14.5
57.3 15.0
46.3 15.5
14.3 16.0
6.4 16.5
6.6 17.0
7.6 17.5
14.0 18.0
6.5 18.5
9.5 19.0
2.1 19.5
# 2018-06-07 21:57:09
11.7 0.0
6.5 0.5
12.4 1.0
12.4 1.5
6.5 2.0
10.1 2.5
9.7 3.0
16.5 3.5
58.3 4.0
61.5 4.5
62.5 5.0
56.8 5.5
64.6 6.0
56.8 6.5
57.9 7.0
61.5 7.5
56.7 8.0
59.6 8.5
60.4 9.0
58.9 9.5
58.8 10.0
57.9 10.5
57.3 11.0
59.6 11.5
57.3 12.0
57.4 12.5
55.8 13.0
57.3 13.5
58.2 14.0
58.3 14.5
60.0 15.0
51.0 15.5
9.5 16.0
5.4 16.5
8.4 17.0
9.7 17.5
8.5 18.0
7.8 18.5
9.7 19.0
9.9 19.5
# 2018-06-07 21:58:09
10.6 0.0
10.9 0.5
9.4 1.0
9.0 1.5
6.6 2.0
9.9 2.5
7.4 3.0
16.1 3.5
56.8 4.0
59.4 4.5
61.5 5.0
57.3 5.5
57.3 6.0
62.1 6.5
57.4 7.0
58.5 7.5
56.3 8.0
57.9 8.5
61.5 9.0
56.8 9.5
58.3 10.0
61.1 10.5
57.4 11.0
61.1 11.5
58.3 12.0
59.8 12.5
58.9 13.0
60.0 13.5
55.8 14.0
57.4 14.5
57.3 15.0
56.7 15.5
56.8 16.0
58.2 16.5
55.2 17.0
41.2 17.5
8.4 18.0
8.5 18.5
7.5 19.0
7.7 19.5
7.5 20.0
8.7 20.5
8.6 21.0
10.6 21.5
# 2018-06-07 21:59:09
9.8 0.0
9.8 0.5
10.6 1.0
8.5 1.5
12.5 2.0
9.8 2.5
8.6 3.0
9.7 3.5
56.6 4.0
61.5 4.5
57.3 5.0
57.9 5.5
55.8 6.0
64.2 6.5
58.9 7.0
59.4 7.5
55.8 8.0
66.7 8.5
62.5 9.0
56.8 9.5
57.9 10.0
57.9 10.5
57.6 11.0
56.4 11.5
54.3 12.0
59.4 12.5
66.0 13.0
55.2 13.5
57.9 14.0
56.3 14.5
59.4 15.0
54.6 15.5
10.6 16.0
16.3 16.5
12.8 17.0
8.5 17.5
10.5 18.0
8.6 18.5
11.8 19.0
4.3 19.5
15.1 20.0
# 2018-06-07 22:00:09
8.4 0.0
7.5 0.5
12.0 1.0
7.4 1.5
9.6 2.0
10.5 2.5
9.5 3.0
9.7 3.5
51.5 4.0
57.1 4.5
57.7 5.0
54.6 5.5
56.3 6.0
58.9 6.5
58.9 7.0
56.7 7.5
55.2 8.0
56.3 8.5
62.5 9.0
54.6 9.5
56.7 10.0
54.7 10.5
61.9 11.0
56.8 11.5
58.3 12.0
57.9 12.5
68.7 13.0
55.2 13.5
58.8 14.0
55.3 14.5
60.6 15.0
55.8 15.5
19.8 16.0
8.4 16.5
9.6 17.0
7.3 17.5
5.3 18.0
3.2 18.5
12.5 19.0
5.4 19.5
5.3 20.0
# 2018-06-07 22:01:10
5.3 0.0
7.6 0.5
10.6 1.0
6.7 1.5
7.6 2.0
4.3 2.5
12.9 3.0
9.7 3.5
58.8 4.0
59.4 4.5
56.7 5.0
56.3 5.5
57.4 6.0
61.7 6.5
64.6 7.0
56.7 7.5
58.3 8.0
56.8 8.5
64.6 9.0
54.7 9.5
60.0 10.0
55.3 10.5
62.5 11.0
56.3 11.5
57.9 12.0
56.7 12.5
63.2 13.0
54.3 13.5
62.9 14.0
54.7 14.5
63.2 15.0
56.3 15.5
13.7 16.0
6.2 16.5
13.8 17.0
5.3 17.5
6.3 18.0
3.2 18.5
17.9 19.0
3.3 19.5
8.7 20.0
# 2018-06-07 22:02:10
6.5 0.0
11.3 0.5
8.8 1.0
11.7 1.5
4.2 2.0
10.8 2.5
6.5 3.0
10.6 3.5
55.2 4.0
60.8 4.5
55.2 5.0
53.7 5.5
56.1 6.0
55.7 6.5
56.8 7.0
54.2 7.5
54.6 8.0
59.8 8.5
55.1 9.0
55.2 9.5
55.2 10.0
55.1 10.5
55.2 11.0
57.1 11.5
56.3 12.0
58.2 12.5
56.1 13.0
53.7 13.5
55.7 14.0
56.1 14.5
53.6 15.0
57.6 15.5
34.0 16.0
6.3 16.5
13.7 17.0
6.5 17.5
6.6 18.0
11.5 18.5
7.4 19.0
6.3 19.5
5.4 20.0
# 2018-06-07 22:03:10
6.5 0.0
10.6 0.5
6.3 1.0
8.7 1.5
1.1 2.0
8.6 2.5
8.3 3.0
7.4 3.5
58.3 4.0
60.8 4.5
54.6 5.0
54.6 5.5
55.1 6.0
55.8 6.5
56.7 7.0
55.0 7.5
55.2 8.0
56.7 8.5
55.2 9.0
55.7 9.5
58.9 10.0
57.7 10.5
55.7 11.0
54.2 11.5
56.1 12.0
57.7 12.5
56.2 13.0
55.2 13.5
55.1 14.0
56.3 14.5
54.6 15.0
33.7 15.5
6.4 16.0
8.5 16.5
15.2 17.0
7.5 17.5
6.5 18.0
11.7 18.5
11.8 19.0
7.7 19.5
# 2018-06-07 22:04:10
12.9 0.0
7.8 0.5
9.8 1.0
7.5 1.5
7.4 2.0
16.8 2.5
11.3 3.0
10.6 3.5
55.1 4.0
59.4 4.5
55.1 5.0
55.2 5.5
56.1 6.0
55.7 6.5
55.7 7.0
56.3 7.5
55.2 8.0
58.3 8.5
55.1 9.0
56.3 9.5
56.1 10.0
60.2 10.5
56.2 11.0
55.7 11.5
56.3 12.0
61.5 12.5
54.6 13.0
54.2 13.5
56.2 14.0
57.3 14.5
55.1 15.0
55.8 15.5
30.5 16.0
9.5 16.5
8.7 17.0
10.6 17.5
5.3 18.0
10.6 18.5
8.7 19.0
7.4 19.5
7.5 20.0
# 2018-06-07 22:05:10
7.5 0.0
10.8 0.5
9.6 1.0
10.8 1.5
7.5 2.0
11.8 2.5
5.3 3.0
9.6 3.5
58.9 4.0
60.0 4.5
54.7 5.0
55.3 5.5
57.1 6.0
56.7 6.5
53.7 7.0
56.1 7.5
58.9 8.0
65.3 8.5
58.3 9.0
57.9 9.5
57.9 10.0
60.4 10.5
56.8 11.0
56.8 11.5
58.5 12.0
62.1 12.5
57.9 13.0
55.8 13.5
58.9 14.0
60.4 14.5
57.9 15.0
49.5 15.5
6.4 16.0
15.3 16.5
7.4 17.0
10.8 17.5
7.5 18.0
16.0 18.5
9.7 19.0
6.4 19.5
# 2018-06-07 22:06:10
7.4 0.0
8.4 0.5
9.8 1.0
7.5 1.5
10.8 2.0
9.9 2.5
6.2 3.0
7.5 3.5
57.9 4.0
59.8 4.5
57.3 5.0
56.4 5.5
59.1 6.0
59.8 6.5
57.0 7.0
61.1 7.5
59.4 8.0
61.5 8.5
58.3 9.0
58.9 9.5
59.8 10.0
59.4 10.5
78.4 11.0
55.8 11.5
55.7 12.0
67.0 12.5
57.9 13.0
56.8 13.5
59.6 14.0
56.7 14.5
56.3 15.0
54.7 15.5
57.3 16.0
13.8 16.5
11.6 17.0
12.0 17.5
9.5 18.0
5.3 18.5
11.8 19.0
6.2 19.5
19.8 20.0
9.3 20.5
# 2018-06-07 22:07:11
10.9 0.0
11.7 0.5
8.6 1.0
6.5 1.5
20.8 2.0
6.4 2.5
7.6 3.0
10.8 3.5
60.4 4.0
57.9 4.5
56.4 5.0
56.7 5.5
61.5 6.0
56.8 6.5
56.1 7.0
56.8 7.5
59.8 8.0
58.9 8.5
57.9 9.0
55.2 9.5
60.2 10.0
54.7 10.5
58.8 11.0
55.8 11.5
66.7 12.0
54.6 12.5
55.8 13.0
54.2 13.5
61.1 14.0
54.2 14.5
58.5 15.0
54.6 15.5
59.4 16.0
55.7 16.5
55.2 17.0
9.3 17.5
13.8 18.0
4.2 18.5
6.4 19.0
11.6 19.5
21.1 20.0
3.1 20.5
8.6 21.0
6.3 21.5
# 2018-06-07 22:08:01
59.2 0.0
60.6 0.5
35.1 1.0
10.4 1.5
25.7 2.0
9.8 2.5
14.4 3.0
15.2 3.5
58.8 4.0
60.4 4.5
54.6 5.0
55.2 5.5
57.1 6.0
56.3 6.5
57.1 7.0
58.8 7.5
55.2 8.0
57.9 8.5
56.1 9.0
55.2 9.5
56.2 10.0
59.8 10.5
54.6 11.0
54.7 11.5
60.8 12.0
56.8 12.5
53.6 13.0
56.7 13.5
60.0 14.0
57.3 14.5
53.0 15.0
52.0 15.5
54.0 16.0
19.6 16.5
4.3 17.0
6.5 17.5
12.9 18.0
6.5 18.5
7.4 19.0
4.3 19.5
12.6 20.0
8.5 20.5
# 2018-06-07 22:09:01
59.8 0.0
35.1 0.5
4.3 1.0
16.7 1.5
7.4 2.0
11.8 2.5
6.4 3.0
42.1 3.5
54.7 4.0
60.2 4.5
53.1 5.0
58.3 5.5
53.6 6.0
56.2 6.5
53.6 7.0
61.2 7.5
53.6 8.0
57.7 8.5
53.7 9.0
56.7 9.5
54.2 10.0
55.7 10.5
54.2 11.0
58.9 11.5
56.7 12.0
57.3 12.5
53.6 13.0
57.3 13.5
55.7 14.0
55.7 14.5
54.2 15.0
21.1 15.5
6.3 16.0
8.4 16.5
1.1 17.0
17.9 17.5
8.6 18.0
10.9 18.5
4.2 19.0
15.5 19.5
# 2018-06-07 22:10:01
58.5 0.0
38.3 0.5
5.3 1.0
31.2 1.5
9.7 2.0
14.0 2.5
6.5 3.0
21.5 3.5
55.7 4.0
58.9 4.5
54.2 5.0
56.3 5.5
52.0 6.0
54.5 6.5
54.7 7.0
58.3 7.5
57.9 8.0
58.3 8.5
57.7 9.0
59.2 9.5
54.6 10.0
57.3 10.5
53.5 11.0
58.8 11.5
56.3 12.0
56.2 12.5
56.4 13.0
57.1 13.5
56.8 14.0
57.1 14.5
52.0 15.0
55.1 15.5
41.2 16.0
4.3 16.5
7.5 17.0
10.6 17.5
16.1 18.0
8.7 18.5
10.5 19.0
6.4 19.5
6.6 20.0
# 2018-06-07 22:11:01
57.7 0.0
25.8 0.5
4.3 1.0
10.9 1.5
11.7 2.0
17.4 2.5
6.5 3.0
20.7 3.5
52.0 4.0
59.4 4.5
55.1 5.0
60.0 5.5
55.8 6.0
60.2 6.5
54.7 7.0
56.6 7.5
57.3 8.0
58.2 8.5
53.1 9.0
57.9 9.5
60.0 10.0
58.9 10.5
59.8 11.0
58.2 11.5
57.9 12.0
57.4 12.5
57.9 13.0
59.4 13.5
61.1 14.0
56.8 14.5
55.7 15.0
58.9 15.5
21.9 16.0
6.5 16.5
7.5 17.0
9.8 17.5
14.7 18.0
10.8 18.5
9.6 19.0
11.6 19.5
8.5 20.0
# 2018-06-07 22:12:01
62.5 0.0
16.1 0.5
12.8 1.0
11.7 1.5
10.9 2.0
9.4 2.5
8.5 3.0
19.4 3.5
56.3 4.0
54.2 4.5
57.7 5.0
55.7 5.5
54.2 6.0
54.2 6.5
55.7 7.0
55.8 7.5
58.8 8.0
61.5 8.5
56.2 9.0
55.7 9.5
55.7 10.0
54.2 10.5
56.1 11.0
55.8 11.5
56.7 12.0
53.1 12.5
55.8 13.0
55.7 13.5
57.3 14.0
54.1 14.5
55.7 15.0
43.7 15.5
5.2 16.0
3.2 16.5
7.5 17.0
7.5 17.5
11.8 18.0
9.5 18.5
14.1 19.0
10.9 19.5
# 2018-06-07 22:13:01
56.3 0.0
9.8 0.5
7.4 1.0
19.6 1.5
11.6 2.0
12.9 2.5
3.2 3.0
18.7 3.5
54.2 4.0
56.3 4.5
62.5 5.0
57.4 5.5
57.9 6.0
56.4 6.5
60.4 7.0
57.7 7.5
58.3 8.0
62.1 8.5
58.3 9.0
56.8 9.5
58.9 10.0
55.2 10.5
58.9 11.0
57.4 11.5
61.1 12.0
55.3 12.5
63.5 13.0
56.3 13.5
61.7 14.0
54.6 14.5
59.4 15.0
56.8 15.5
54.1 16.0
6.4 16.5
11.7 17.0
5.4 17.5
10.8 18.0
12.8 18.5
9.7 19.0
11.5 19.5
8.7 20.0
# 2018-06-07 22:14:01
45.3 0.0
5.2 0.5
13.7 1.0
5.3 1.5
18.1 2.0
7.4 2.5
7.6 3.0
12.6 3.5
55.2 4.0
54.7 4.5
58.8 5.0
53.7 5.5
54.6 6.0
53.6 6.5
57.7 7.0
54.2 7.5
55.2 8.0
57.7 8.5
56.3 9.0
54.5 9.5
55.2 10.0
53.6 10.5
59.2 11.0
54.2 11.5
56.3 12.0
54.6 12.5
58.9 13.0
54.5 13.5
57.3 14.0
54.6 14.5
56.7 15.0
47.9 15.5
5.2 16.0
3.2 16.5
9.5 17.0
8.6 17.5
13.2 18.0
11.3 18.5
10.9 19.0
9.5 19.5
# 2018-06-07 22:15:02
23.2 0.0
6.5 0.5
9.7 1.0
12.4 1.5
15.1 2.0
8.4 2.5
6.5 3.0
16.3 3.5
54.2 4.0
56.1 4.5
62.1 5.0
56.3 5.5
54.2 6.0
55.2 6.5
55.7 7.0
55.2 7.5
55.7 8.0
58.8 8.5
60.4 9.0
56.8 9.5
60.4 10.0
55.2 10.5
62.1 11.0
56.3 11.5
59.6 12.0
55.8 12.5
60.2 13.0
58.2 13.5
60.0 14.0
55.8 14.5
61.5 15.0
22.9 15.5
5.4 16.0
6.4 16.5
8.8 17.0
7.7 17.5
14.9 18.0
8.6 18.5
18.1 19.0
8.6 19.5
# 2018-06-07 22:16:02
3.2 0.0
15.1 0.5
7.4 1.0
23.7 1.5
6.5 2.0
9.6 2.5
4.3 3.0
17.8 3.5
57.3 4.0
58.8 4.5
74.7 5.0
54.7 5.5
55.7 6.0
64.2 6.5
57.9 7.0
56.8 7.5
59.4 8.0
60.4 8.5
59.4 9.0
58.9 9.5
54.2 10.0
58.9 10.5
57.9 11.0
59.6 11.5
56.7 12.0
60.6 12.5
58.3 13.0
57.9 13.5
62.5 14.0
58.9 14.5
58.8 15.0
57.4 15.5
24.5 16.0
7.6 16.5
6.4 17.0
6.5 17.5
12.8 18.0
11.6 18.5
14.1 19.0
4.3 19.5
8.3 20.0
# 2018-06-07 22:17:02
8.6 0.0
9.5 0.5
7.4 1.0
13.0 1.5
12.9 2.0
8.8 2.5
6.4 3.0
13.2 3.5
53.7 4.0
54.6 4.5
54.5 5.0
53.1 5.5
54.2 6.0
57.1 6.5
54.1 7.0
52.6 7.5
56.7 8.0
54.6 8.5
58.9 9.0
53.1 9.5
55.2 10.0
55.2 10.5
54.6 11.0
53.6 11.5
55.8 12.0
57.7 12.5
54.2 13.0
54.2 13.5
58.8 14.0
54.6 14.5
54.6 15.0
54.2 15.5
31.2 16.0
8.8 16.5
8.6 17.0
5.4 17.5
12.0 18.0
8.6 18.5
12.8 19.0
4.4 19.5
8.6 20.0
# 2018-06-07 22:18:02
6.4 0.0
12.1 0.5
5.3 1.0
20.0 1.5
8.5 2.0
12.8 2.5
18.9 3.0
8.6 3.5
54.6 4.0
53.0 4.5
56.2 5.0
56.7 5.5
53.5 6.0
56.1 6.5
55.2 7.0
56.3 7.5
56.7 8.0
58.3 8.5
57.3 9.0
53.7 9.5
56.7 10.0
58.3 10.5
55.2 11.0
55.2 11.5
57.7 12.0
54.6 12.5
54.5 13.0
61.5 13.5
58.8 14.0
55.7 14.5
55.1 15.0
55.2 15.5
16.0 16.0
15.8 16.5
12.4 17.0
12.8 17.5
6.2 18.0
9.9 18.5
13.8 19.0
5.4 19.5
7.4 20.0
# 2018-06-07 22:19:02
6.4 0.0
11.8 0.5
5.4 1.0
15.2 1.5
5.3 2.0
7.4 2.5
8.4 3.0
12.9 3.5
56.3 4.0
59.2 4.5
54.2 5.0
56.7 5.5
55.7 6.0
58.9 6.5
54.6 7.0
57.1 7.5
54.3 8.0
59.2 8.5
57.3 9.0
56.7 9.5
53.6 10.0
56.7 10.5
55.7 11.0
55.8 11.5
55.1 12.0
56.3 12.5
54.6 13.0
53.7 13.5
56.1 14.0
56.3 14.5
54.1 15.0
19.8 15.5
3.2 16.0
7.4 16.5
7.2 17.0
5.4 17.5
12.5 18.0
14.0 18.5
8.9 19.0
12.9 19.5
# 2018-06-07 22:20:02
3.2 0.0
19.4 0.5
5.4 1.0
16.0 1.5
8.5 2.0
7.3 2.5
9.9 3.0
12.6 3.5
53.7 4.0
56.3 4.5
55.1 5.0
55.7 5.5
54.6 6.0
58.5 6.5
56.8 7.0
57.3 7.5
55.2 8.0
56.7 8.5
57.7 9.0
62.1 9.5
54.6 10.0
57.1 10.5
57.3 11.0
54.7 11.5
56.0 12.0
55.8 12.5
55.1 13.0
57.3 13.5
59.4 14.0
58.6 14.5
55.2 15.0
54.6 15.5
16.8 16.0
5.4 16.5
6.3 17.0
13.2 17.5
7.6 18.0
8.8 18.5
30.1 19.0
13.0 19.5
12.4 20.0
# 2018-06-07 22:21:02
9.9 0.0
12.9 0.5
18.9 1.0
10.6 1.5
13.8 2.0
5.4 2.5
13.0 3.0
8.6 3.5
56.8 4.0
54.6 4.5
55.8 5.0
59.8 5.5
57.9 6.0
54.6 6.5
55.2 7.0
56.3 7.5
55.8 8.0
55.6 8.5
54.7 9.0
56.1 9.5
58.8 10.0
55.6 10.5
58.9 11.0
57.1 11.5
61.5 12.0
53.6 12.5
57.1 13.0
57.9 13.5
57.7 14.0
55.1 14.5
57.7 15.0
37.1 15.5
12.4 16.0
7.4 16.5
6.4 17.0
11.7 17.5
12.1 18.0
8.4 18.5
7.6 19.0
10.5 19.5
# 2018-06-07 22:22:03
13.5 0.0
10.5 0.5
15.8 1.0
7.4 1.5
8.7 2.0
5.2 2.5
14.0 3.0
7.1 3.5
57.7 4.0
55.1 4.5
56.3 5.0
57.9 5.5
57.7 6.0
53.6 6.5
54.6 7.0
56.7 7.5
55.2 8.0
54.1 8.5
56.3 9.0
53.6 9.5
60.2 10.0
54.1 10.5
55.8 11.0
54.2 11.5
59.8 12.0
54.5 12.5
54.7 13.0
56.6 13.5
57.9 14.0
55.7 14.5
56.3 15.0
34.0 15.5
10.5 16.0
5.2 16.5
7.6 17.0
8.6 17.5
14.9 18.0
6.2 18.5
7.5 19.0
4.2 19.5
# 2018-06-07 22:23:03
6.3 0.0
16.3 0.5
7.3 1.0
16.3 1.5
6.4 2.0
9.7 2.5
29.9 3.0
10.9 3.5
54.1 4.0
57.4 4.5
57.3 5.0
58.3 5.5
54.2 6.0
56.7 6.5
55.2 7.0
58.8 7.5
52.6 8.0
56.7 8.5
53.1 9.0
59.2 9.5
52.6 10.0
55.7 10.5
53.6 11.0
57.3 11.5
55.1 12.0
55.8 12.5
52.6 13.0
59.8 13.5
54.2 14.0
56.3 14.5
54.6 15.0
12.6 15.5
5.4 16.0
12.9 16.5
8.6 17.0
15.1 17.5
5.3 18.0
9.7 18.5
8.5 19.0
17.4 19.5
