# 2018-05-07 17:47:05
[14.0, 2.1] 0.0 
[11.1, 11.1] 0.5 
[9.1, 40.8] 1.0 
[15.9, 4.3] 1.5 
[15.6, 6.5] 2.0 
[40.0, 10.9] 2.5 
[28.3, 2.2] 3.0 
[15.6, 4.3] 3.5 
[98.0, 8.7] 4.0 
[100.0, 8.9] 4.5 
[100.0, 10.6] 5.0 
[100.0, 23.4] 5.5 
[100.0, 19.6] 6.0 
[75.5, 45.8] 6.5 
[22.7, 92.0] 7.0 
[9.1, 4.2] 7.5 
[13.6, 17.0] 8.0 
[13.6, 6.5] 8.5 
[25.0, 34.8] 9.0 
[15.6, 8.5] 9.5 
[15.6, 8.5] 10.0 
[15.2, 6.5] 10.5 
[25.0, 2.2] 11.0 
# 2018-05-07 17:48:05
[11.6, 6.4] 0.0 
[4.8, 0.0] 0.5 
[22.7, 4.3] 1.0 
[18.2, 0.0] 1.5 
[18.2, 4.2] 2.0 
[9.1, 2.1] 2.5 
[10.9, 10.6] 3.0 
[27.1, 23.4] 3.5 
[75.0, 32.0] 4.0 
[8.7, 100.0] 4.5 
[6.7, 100.0] 5.0 
[14.0, 100.0] 5.5 
[24.4, 100.0] 6.0 
[14.0, 100.0] 6.5 
[23.4, 80.0] 7.0 
[20.0, 7.8] 7.5 
[11.1, 4.3] 8.0 
[4.5, 14.6] 8.5 
[21.7, 2.1] 9.0 
[16.3, 10.9] 9.5 
[13.6, 8.3] 10.0 
[11.1, 0.0] 10.5 
[13.6, 4.1] 11.0 
# 2018-05-07 17:49:05
[13.0, 6.4] 0.0 
[23.3, 10.9] 0.5 
[0.0, 2.3] 1.0 
[25.5, 25.5] 1.5 
[6.8, 4.5] 2.0 
[16.3, 6.4] 2.5 
[2.1, 4.4] 3.0 
[20.9, 16.7] 3.5 
[100.0, 15.2] 4.0 
[100.0, 20.5] 4.5 
[100.0, 4.5] 5.0 
[100.0, 20.0] 5.5 
[100.0, 15.6] 6.0 
[79.6, 35.6] 6.5 
[11.4, 47.9] 7.0 
[15.6, 8.3] 7.5 
[7.1, 2.1] 8.0 
[19.1, 4.3] 8.5 
[8.7, 12.8] 9.0 
[21.7, 15.6] 9.5 
[4.3, 8.9] 10.0 
[13.3, 10.6] 10.5 
[4.5, 2.3] 11.0 
# 2018-05-07 17:50:05
[17.4, 10.6] 0.0 
[9.1, 8.7] 0.5 
[8.7, 11.1] 1.0 
[6.4, 10.6] 1.5 
[2.3, 20.0] 2.0 
[6.4, 8.7] 2.5 
[15.2, 6.5] 3.0 
[9.1, 21.3] 3.5 
[12.8, 100.0] 4.0 
[7.0, 100.0] 4.5 
[21.3, 100.0] 5.0 
[15.9, 100.0] 5.5 
[32.6, 100.0] 6.0 
[6.8, 100.0] 6.5 
[20.5, 36.0] 7.0 
[8.7, 10.9] 7.5 
[8.9, 11.1] 8.0 
[8.9, 6.1] 8.5 
[13.6, 10.9] 9.0 
[11.6, 14.9] 9.5 
[18.2, 8.7] 10.0 
[13.0, 14.6] 10.5 
[8.5, 24.0] 11.0 
# 2018-05-07 17:51:05
[8.9, 4.3] 0.0 
[11.4, 13.6] 0.5 
[6.8, 0.0] 1.0 
[12.8, 17.4] 1.5 
[6.5, 6.4] 2.0 
[11.4, 6.4] 2.5 
[0.0, 14.9] 3.0 
[15.6, 13.6] 3.5 
[17.0, 90.0] 4.0 
[35.6, 73.5] 4.5 
[21.3, 90.0] 5.0 
[21.7, 100.0] 5.5 
[8.5, 100.0] 6.0 
[32.6, 80.0] 6.5 
[46.9, 10.6] 7.0 
[8.3, 21.3] 7.5 
[8.7, 4.3] 8.0 
[16.7, 19.6] 8.5 
[6.4, 22.2] 9.0 
[21.4, 10.6] 9.5 
[6.4, 15.9] 10.0 
[15.6, 12.8] 10.5 
[8.9, 6.7] 11.0 
# 2018-05-07 17:52:06
[2.1, 24.4] 0.0 
[6.4, 13.6] 0.5 
[8.3, 15.6] 1.0 
[6.7, 4.3] 1.5 
[8.7, 22.9] 2.0 
[2.2, 15.2] 2.5 
[4.3, 15.9] 3.0 
[10.6, 8.9] 3.5 
[100.0, 4.5] 4.0 
[100.0, 10.9] 4.5 
[100.0, 20.8] 5.0 
[100.0, 12.8] 5.5 
[100.0, 6.5] 6.0 
[100.0, 12.8] 6.5 
[53.1, 32.6] 7.0 
[0.0, 4.5] 7.5 
[0.0, 13.6] 8.0 
[3.9, 9.3] 8.5 
[12.5, 27.3] 9.0 
[2.1, 14.0] 9.5 
[0.0, 22.2] 10.0 
[6.2, 13.3] 10.5 
[6.2, 14.0] 11.0 
# 2018-05-07 17:53:06
[2.0, 11.1] 0.0 
[10.6, 22.7] 0.5 
[6.4, 17.4] 1.0 
[2.2, 15.9] 1.5 
[2.1, 16.3] 2.0 
[8.9, 10.9] 2.5 
[4.2, 22.7] 3.0 
[8.0, 13.6] 3.5 
[90.0, 23.9] 4.0 
[100.0, 15.6] 4.5 
[48.9, 73.5] 5.0 
[21.7, 100.0] 5.5 
[7.0, 100.0] 6.0 
[15.6, 100.0] 6.5 
[26.7, 69.4] 7.0 
[8.5, 8.9] 7.5 
[0.0, 15.9] 8.0 
[6.1, 14.6] 8.5 
[13.0, 31.1] 9.0 
[2.1, 18.2] 9.5 
[6.5, 8.7] 10.0 
[8.2, 4.5] 10.5 
[21.3, 9.1] 11.0 
# 2018-05-07 17:54:06
[8.7, 21.7] 0.0 
[2.2, 13.0] 0.5 
[6.7, 26.7] 1.0 
[4.5, 8.3] 1.5 
[14.3, 6.5] 2.0 
[4.3, 13.0] 2.5 
[4.5, 23.9] 3.0 
[6.7, 8.7] 3.5 
[11.4, 98.0] 4.0 
[100.0, 10.9] 4.5 
[40.0, 78.0] 5.0 
[100.0, 4.2] 5.5 
[100.0, 6.7] 6.0 
[100.0, 21.7] 6.5 
[52.1, 15.6] 7.0 
[11.6, 6.2] 7.5 
[13.6, 2.2] 8.0 
[20.0, 10.9] 8.5 
[26.2, 20.8] 9.0 
[6.7, 13.0] 9.5 
[2.2, 11.1] 10.0 
[6.5, 20.0] 10.5 
[9.1, 32.7] 11.0 
# 2018-05-07 17:55:06
[13.6, 2.0] 0.0 
[16.3, 6.2] 0.5 
[13.0, 4.0] 1.0 
[4.7, 6.2] 1.5 
[15.6, 2.0] 2.0 
[24.4, 4.3] 2.5 
[21.7, 0.0] 3.0 
[18.6, 4.1] 3.5 
[31.9, 83.3] 4.0 
[9.1, 100.0] 4.5 
[36.2, 100.0] 5.0 
[9.3, 100.0] 5.5 
[11.6, 100.0] 6.0 
[37.0, 100.0] 6.5 
[15.6, 4.0] 7.0 
[4.4, 0.0] 7.5 
[9.1, 0.0] 8.0 
[17.8, 0.0] 8.5 
[31.1, 6.1] 9.0 
[9.1, 0.0] 9.5 
[8.7, 13.0] 10.0 
[15.6, 4.3] 10.5 
[47.8, 33.3] 11.0 
# 2018-05-07 17:56:06
[2.2, 6.5] 0.0 
[18.2, 14.9] 0.5 
[9.1, 6.5] 1.0 
[10.9, 8.7] 1.5 
[18.2, 4.3] 2.0 
[26.1, 4.3] 2.5 
[11.4, 6.2] 3.0 
[17.1, 2.1] 3.5 
[37.5, 69.4] 4.0 
[20.5, 100.0] 4.5 
[27.3, 100.0] 5.0 
[13.3, 100.0] 5.5 
[6.8, 100.0] 6.0 
[26.7, 100.0] 6.5 
[8.9, 30.6] 7.0 
[11.9, 0.0] 7.5 
[6.8, 0.0] 8.0 
[27.3, 8.0] 8.5 
[27.3, 0.0] 9.0 
[23.9, 8.9] 9.5 
[17.4, 0.0] 10.0 
[17.4, 13.6] 10.5 
[13.0, 6.1] 11.0 
# 2018-05-07 17:57:06
[15.9, 10.6] 0.0 
[4.5, 15.2] 0.5 
[6.7, 16.7] 1.0 
[4.5, 15.2] 1.5 
[9.3, 8.7] 2.0 
[14.0, 10.6] 2.5 
[14.0, 6.2] 3.0 
[10.9, 4.5] 3.5 
[100.0, 12.5] 4.0 
[100.0, 19.6] 4.5 
[100.0, 4.3] 5.0 
[100.0, 23.4] 5.5 
[100.0, 6.4] 6.0 
[100.0, 14.9] 6.5 
[16.3, 6.7] 7.0 
[9.1, 15.2] 7.5 
[2.2, 15.2] 8.0 
[6.8, 17.0] 8.5 
[2.3, 23.9] 9.0 
[6.5, 20.8] 9.5 
[10.2, 24.5] 10.0 
[8.9, 32.6] 10.5 
[2.2, 13.6] 11.0 
# 2018-05-07 17:58:07
[14.6, 20.8] 0.0 
[0.0, 15.2] 0.5 
[4.4, 19.6] 1.0 
[8.7, 10.9] 1.5 
[20.9, 4.3] 2.0 
[6.5, 8.9] 2.5 
[4.3, 15.6] 3.0 
[11.4, 7.0] 3.5 
[68.7, 58.0] 4.0 
[14.9, 100.0] 4.5 
[8.5, 100.0] 5.0 
[8.7, 100.0] 5.5 
[8.7, 100.0] 6.0 
[12.8, 100.0] 6.5 
[9.3, 10.0] 7.0 
[11.1, 4.2] 7.5 
[26.1, 13.6] 8.0 
[11.1, 2.1] 8.5 
[18.2, 14.3] 9.0 
[8.9, 8.5] 9.5 
[15.6, 27.7] 10.0 
[24.4, 6.4] 10.5 
[15.9, 2.1] 11.0 
# 2018-05-07 17:59:07
[10.9, 22.2] 0.0 
[6.1, 9.1] 0.5 
[6.4, 13.0] 1.0 
[0.0, 11.4] 1.5 
[12.8, 11.6] 2.0 
[6.4, 9.1] 2.5 
[10.9, 10.4] 3.0 
[10.2, 8.9] 3.5 
[77.1, 42.6] 4.0 
[18.8, 96.0] 4.5 
[10.4, 100.0] 5.0 
[81.2, 29.2] 5.5 
[26.5, 77.6] 6.0 
[100.0, 14.9] 6.5 
[63.3, 11.1] 7.0 
[0.0, 15.9] 7.5 
[10.9, 20.5] 8.0 
[4.3, 13.6] 8.5 
[4.3, 29.5] 9.0 
[12.5, 20.0] 9.5 
[29.8, 17.8] 10.0 
[25.0, 26.1] 10.5 
[2.1, 8.9] 11.0 
# 2018-05-07 18:00:07
[6.4, 15.2] 0.0 
[2.2, 17.8] 0.5 
[2.2, 9.1] 1.0 
[11.6, 28.3] 1.5 
[0.0, 15.6] 2.0 
[6.0, 11.4] 2.5 
[2.0, 6.7] 3.0 
[6.1, 17.8] 3.5 
[100.0, 24.4] 4.0 
[100.0, 7.0] 4.5 
[100.0, 13.3] 5.0 
[100.0, 17.8] 5.5 
[100.0, 28.9] 6.0 
[100.0, 8.9] 6.5 
[20.8, 15.6] 7.0 
[4.4, 22.7] 7.5 
[8.2, 17.1] 8.0 
[6.7, 11.4] 8.5 
[8.5, 26.7] 9.0 
[4.2, 11.4] 9.5 
[4.3, 21.3] 10.0 
[4.3, 7.1] 10.5 
[2.2, 15.2] 11.0 
# 2018-05-07 18:01:07
[7.0, 2.0] 0.0 
[8.0, 16.3] 0.5 
[8.7, 4.4] 1.0 
[6.4, 26.7] 1.5 
[2.2, 7.1] 2.0 
[2.0, 17.8] 2.5 
[4.4, 4.3] 3.0 
[6.1, 20.5] 3.5 
[100.0, 22.2] 4.0 
[100.0, 9.5] 4.5 
[100.0, 6.8] 5.0 
[100.0, 22.7] 5.5 
[100.0, 25.5] 6.0 
[100.0, 13.6] 6.5 
[24.0, 4.5] 7.0 
[2.0, 25.0] 7.5 
[4.2, 13.0] 8.0 
[15.7, 17.4] 8.5 
[8.7, 25.0] 9.0 
[8.5, 31.0] 9.5 
[11.1, 27.1] 10.0 
[0.0, 15.6] 10.5 
[0.0, 13.6] 11.0 
# 2018-05-07 18:02:08
[10.9, 22.2] 0.0 
[10.6, 4.3] 0.5 
[6.2, 18.2] 1.0 
[2.1, 6.8] 1.5 
[6.3, 20.5] 2.0 
[2.1, 4.5] 2.5 
[10.4, 17.0] 3.0 
[13.3, 8.9] 3.5 
[75.5, 38.3] 4.0 
[10.6, 100.0] 4.5 
[35.4, 79.6] 5.0 
[26.5, 85.7] 5.5 
[38.3, 76.0] 6.0 
[100.0, 4.3] 6.5 
[29.2, 52.1] 7.0 
[2.1, 10.6] 7.5 
[4.3, 15.9] 8.0 
[10.2, 6.7] 8.5 
[8.3, 35.6] 9.0 
[14.6, 11.1] 9.5 
[2.1, 15.9] 10.0 
[0.0, 7.0] 10.5 
[0.0, 24.4] 11.0 
# 2018-05-07 18:03:07
[8.3, 16.3] 0.0 
[4.1, 12.2] 0.5 
[17.0, 30.6] 1.0 
[18.0, 17.0] 1.5 
[6.8, 10.9] 2.0 
[4.3, 15.6] 2.5 
[14.0, 12.2] 3.0 
[6.8, 23.9] 3.5 
[100.0, 46.8] 4.0 
[100.0, 20.5] 4.5 
[100.0, 11.1] 5.0 
[100.0, 8.7] 5.5 
[100.0, 21.7] 6.0 
[100.0, 4.3] 6.5 
[33.3, 10.6] 7.0 
[2.0, 6.7] 7.5 
[4.2, 11.4] 8.0 
[6.5, 10.9] 8.5 
[14.6, 13.6] 9.0 
[6.2, 34.0] 9.5 
[2.0, 9.3] 10.0 
[6.8, 8.0] 10.5 
[2.1, 25.0] 11.0 
# 2018-05-07 18:04:08
[13.6, 14.6] 0.0 
[9.1, 8.9] 0.5 
[19.1, 26.1] 1.0 
[6.5, 29.2] 1.5 
[2.2, 20.0] 2.0 
[11.1, 6.1] 2.5 
[12.2, 26.7] 3.0 
[6.7, 6.7] 3.5 
[100.0, 14.0] 4.0 
[100.0, 11.4] 4.5 
[100.0, 15.6] 5.0 
[21.7, 96.0] 5.5 
[13.3, 100.0] 6.0 
[21.7, 100.0] 6.5 
[66.7, 6.8] 7.0 
[2.3, 21.3] 7.5 
[4.2, 4.5] 8.0 
[8.5, 18.6] 8.5 
[12.8, 26.7] 9.0 
[8.9, 10.9] 9.5 
[0.0, 6.8] 10.0 
[17.4, 15.6] 10.5 
[6.5, 8.7] 11.0 
# 2018-05-07 18:05:08
[6.5, 19.0] 0.0 
[6.4, 6.7] 0.5 
[15.2, 22.2] 1.0 
[8.5, 6.8] 1.5 
[10.6, 10.9] 2.0 
[8.2, 6.5] 2.5 
[13.6, 23.4] 3.0 
[6.5, 8.7] 3.5 
[8.9, 100.0] 4.0 
[4.4, 100.0] 4.5 
[39.1, 78.0] 5.0 
[86.0, 17.8] 5.5 
[93.9, 29.8] 6.0 
[100.0, 4.4] 6.5 
[24.5, 25.0] 7.0 
[9.1, 6.1] 7.5 
[6.7, 8.9] 8.0 
[6.5, 4.3] 8.5 
[17.4, 34.8] 9.0 
[11.6, 8.9] 9.5 
[13.0, 16.7] 10.0 
[11.1, 10.9] 10.5 
[13.0, 15.2] 11.0 
# 2018-05-07 18:06:08
[11.4, 6.4] 0.0 
[13.3, 26.7] 0.5 
[2.2, 15.9] 1.0 
[18.2, 10.4] 1.5 
[6.7, 6.7] 2.0 
[22.9, 24.5] 2.5 
[18.8, 35.4] 3.0 
[14.0, 4.3] 3.5 
[8.9, 100.0] 4.0 
[15.9, 100.0] 4.5 
[4.7, 100.0] 5.0 
[13.3, 100.0] 5.5 
[25.0, 100.0] 6.0 
[21.7, 100.0] 6.5 
[9.1, 30.6] 7.0 
[17.8, 2.0] 7.5 
[22.7, 2.0] 8.0 
[13.0, 13.0] 8.5 
[11.4, 17.0] 9.0 
[28.9, 23.9] 9.5 
[9.3, 4.3] 10.0 
[19.6, 15.6] 10.5 
[15.9, 2.1] 11.0 
# 2018-05-07 18:07:08
[15.6, 12.2] 0.0 
[14.0, 10.6] 0.5 
[13.6, 23.9] 1.0 
[17.8, 8.7] 1.5 
[11.9, 8.0] 2.0 
[4.3, 20.0] 2.5 
[14.6, 17.8] 3.0 
[11.6, 6.4] 3.5 
[9.1, 100.0] 4.0 
[8.7, 100.0] 4.5 
[13.6, 100.0] 5.0 
[11.1, 100.0] 5.5 
[34.8, 100.0] 6.0 
[17.8, 92.0] 6.5 
[6.4, 8.7] 7.0 
[13.3, 8.5] 7.5 
[4.0, 6.7] 8.0 
[10.9, 18.2] 8.5 
[13.3, 10.9] 9.0 
[18.2, 15.6] 9.5 
[6.1, 11.4] 10.0 
[6.7, 15.2] 10.5 
# 2018-05-07 18:08:08
[4.3, 6.8] 0.0 
[10.6, 26.7] 0.5 
[6.5, 8.5] 1.0 
[10.4, 13.6] 1.5 
[4.2, 6.7] 2.0 
[6.4, 37.0] 2.5 
[6.8, 38.0] 3.0 
[12.5, 18.6] 3.5 
[15.9, 100.0] 4.0 
[77.6, 37.5] 4.5 
[6.2, 100.0] 5.0 
[20.0, 100.0] 5.5 
[45.8, 61.2] 6.0 
[56.0, 57.4] 6.5 
[6.5, 78.0] 7.0 
[11.1, 8.7] 7.5 
[0.0, 10.9] 8.0 
[20.0, 26.1] 8.5 
[4.3, 6.8] 9.0 
[4.3, 18.2] 9.5 
[8.5, 11.4] 10.0 
[2.1, 20.9] 10.5 
[8.0, 15.6] 11.0 
# 2018-05-07 18:09:09
[10.4, 22.7] 0.0 
[2.1, 11.6] 0.5 
[0.0, 18.2] 1.0 
[0.0, 13.3] 1.5 
[18.0, 23.4] 2.0 
[6.4, 23.9] 2.5 
[6.1, 23.3] 3.0 
[10.4, 6.8] 3.5 
[100.0, 18.2] 4.0 
[100.0, 13.0] 4.5 
[100.0, 11.1] 5.0 
[100.0, 20.9] 5.5 
[100.0, 24.4] 6.0 
[100.0, 10.9] 6.5 
[6.1, 7.0] 7.0 
[0.0, 13.3] 7.5 
[8.5, 19.6] 8.0 
[8.3, 39.6] 8.5 
[8.5, 30.0] 9.0 
[12.8, 27.3] 9.5 
[8.3, 20.5] 10.0 
[2.1, 19.6] 10.5 
[2.1, 16.3] 11.0 
# 2018-05-07 18:10:09
[9.3, 23.3] 0.0 
[4.2, 15.6] 0.5 
[6.4, 20.0] 1.0 
[2.1, 9.3] 1.5 
[19.6, 28.0] 2.0 
[10.9, 11.1] 2.5 
[2.1, 17.8] 3.0 
[8.7, 10.6] 3.5 
[84.6, 29.8] 4.0 
[100.0, 2.3] 4.5 
[100.0, 8.7] 5.0 
[100.0, 12.8] 5.5 
[100.0, 20.4] 6.0 
[100.0, 4.3] 6.5 
[8.0, 13.0] 7.0 
[4.1, 6.7] 7.5 
[6.4, 30.2] 8.0 
[4.2, 10.9] 8.5 
[6.2, 14.3] 9.0 
[4.2, 26.7] 9.5 
[6.2, 18.2] 10.0 
[0.0, 7.0] 10.5 
[4.4, 18.2] 11.0 
# 2018-05-07 18:11:09
[6.4, 8.9] 0.0 
[15.6, 20.0] 0.5 
[0.0, 15.2] 1.0 
[15.9, 15.6] 1.5 
[10.9, 11.1] 2.0 
[6.5, 14.9] 2.5 
[16.3, 0.0] 3.0 
[8.7, 28.3] 3.5 
[100.0, 4.3] 4.0 
[100.0, 15.9] 4.5 
[96.0, 15.6] 5.0 
[100.0, 25.0] 5.5 
[100.0, 21.7] 6.0 
[94.0, 15.6] 6.5 
[0.0, 22.7] 7.0 
[8.9, 20.9] 7.5 
[11.4, 19.1] 8.0 
[4.3, 18.2] 8.5 
[0.0, 17.8] 9.0 
[17.8, 25.0] 9.5 
[9.1, 17.4] 10.0 
[0.0, 11.6] 10.5 
# 2018-05-07 18:12:09
[11.1, 13.0] 0.0 
[11.6, 0.0] 0.5 
[18.6, 8.5] 1.0 
[15.6, 8.7] 1.5 
[34.0, 4.2] 2.0 
[11.6, 10.6] 2.5 
[10.9, 10.9] 3.0 
[20.0, 8.2] 3.5 
[69.4, 53.5] 4.0 
[7.0, 100.0] 4.5 
[11.1, 100.0] 5.0 
[25.0, 100.0] 5.5 
[20.0, 100.0] 6.0 
[8.9, 100.0] 6.5 
[23.4, 41.7] 7.0 
[17.4, 7.0] 7.5 
[47.8, 27.1] 8.0 
[15.9, 2.0] 8.5 
[14.6, 6.5] 9.0 
[23.4, 17.0] 9.5 
[17.4, 0.0] 10.0 
[9.3, 6.4] 10.5 
[13.6, 4.2] 11.0 
# 2018-05-07 18:13:09
[8.9, 0.0] 0.0 
[23.4, 17.4] 0.5 
[13.3, 4.5] 1.0 
[28.3, 19.1] 1.5 
[6.5, 4.4] 2.0 
[13.0, 10.9] 2.5 
[4.5, 0.0] 3.0 
[15.6, 10.6] 3.5 
[2.3, 100.0] 4.0 
[8.7, 100.0] 4.5 
[10.6, 100.0] 5.0 
[20.5, 100.0] 5.5 
[15.6, 100.0] 6.0 
[11.4, 100.0] 6.5 
[4.5, 8.5] 7.0 
[25.5, 20.4] 7.5 
[2.0, 4.7] 8.0 
[17.4, 13.3] 8.5 
[10.6, 11.1] 9.0 
[31.1, 8.9] 9.5 
[8.9, 0.0] 10.0 
[6.7, 15.6] 10.5 
