# 2018-05-07 17:47:05
# Total memory: 1905.99 MiB
47.1 0.0 
47.1 0.5 
47.1 1.0 
47.1 1.5 
47.1 2.0 
47.1 2.5 
47.1 3.0 
47.1 3.5 
47.3 4.0 
50.3 4.5 
54.5 5.0 
57.8 5.5 
61.0 6.0 
64.6 6.5 
68.1 7.0 
47.1 7.5 
47.1 8.0 
47.1 8.5 
47.1 9.0 
47.1 9.5 
47.1 10.0 
47.1 10.5 
47.1 11.0 
# 2018-05-07 17:48:05
# Total memory: 1905.99 MiB
47.1 0.0 
47.1 0.5 
47.1 1.0 
47.1 1.5 
47.1 2.0 
47.1 2.5 
47.1 3.0 
47.1 3.5 
47.3 4.0 
50.2 4.5 
53.8 5.0 
57.0 5.5 
60.7 6.0 
65.1 6.5 
68.9 7.0 
47.2 7.5 
47.2 8.0 
47.2 8.5 
47.2 9.0 
47.2 9.5 
47.2 10.0 
47.1 10.5 
47.1 11.0 
# 2018-05-07 17:49:05
# Total memory: 1905.99 MiB
47.1 0.0 
47.1 0.5 
47.1 1.0 
47.1 1.5 
47.1 2.0 
47.1 2.5 
47.1 3.0 
47.1 3.5 
47.2 4.0 
50.2 4.5 
53.9 5.0 
57.7 5.5 
61.7 6.0 
66.1 6.5 
69.7 7.0 
47.1 7.5 
47.1 8.0 
47.1 8.5 
47.1 9.0 
47.1 9.5 
47.1 10.0 
47.1 10.5 
47.1 11.0 
# 2018-05-07 17:50:05
# Total memory: 1905.99 MiB
47.1 0.0 
47.1 0.5 
47.1 1.0 
47.1 1.5 
47.1 2.0 
47.1 2.5 
47.1 3.0 
47.1 3.5 
47.3 4.0 
50.5 4.5 
54.8 5.0 
58.3 5.5 
62.2 6.0 
66.1 6.5 
61.4 7.0 
47.1 7.5 
47.1 8.0 
47.1 8.5 
47.1 9.0 
47.1 9.5 
47.1 10.0 
47.1 10.5 
47.1 11.0 
# 2018-05-07 17:51:05
# Total memory: 1905.99 MiB
47.0 0.0 
47.0 0.5 
47.0 1.0 
47.0 1.5 
47.1 2.0 
47.1 2.5 
47.1 3.0 
47.1 3.5 
47.3 4.0 
50.6 4.5 
54.3 5.0 
57.5 5.5 
61.2 6.0 
65.8 6.5 
69.6 7.0 
47.3 7.5 
47.3 8.0 
47.3 8.5 
47.3 9.0 
47.3 9.5 
47.3 10.0 
47.3 10.5 
47.3 11.0 
# 2018-05-07 17:52:06
# Total memory: 1905.99 MiB
47.3 0.0 
47.3 0.5 
47.3 1.0 
47.3 1.5 
47.3 2.0 
47.3 2.5 
47.3 3.0 
47.3 3.5 
47.5 4.0 
50.8 4.5 
54.3 5.0 
57.0 5.5 
60.9 6.0 
65.6 6.5 
69.5 7.0 
47.3 7.5 
47.3 8.0 
47.3 8.5 
47.3 9.0 
47.3 9.5 
47.3 10.0 
47.3 10.5 
47.3 11.0 
# 2018-05-07 17:53:06
# Total memory: 1905.99 MiB
47.7 0.0 
47.8 0.5 
47.8 1.0 
47.8 1.5 
47.8 2.0 
47.8 2.5 
47.8 3.0 
47.8 3.5 
47.9 4.0 
50.8 4.5 
54.6 5.0 
57.2 5.5 
60.8 6.0 
64.6 6.5 
68.5 7.0 
47.8 7.5 
47.8 8.0 
47.8 8.5 
47.8 9.0 
47.8 9.5 
47.8 10.0 
47.8 10.5 
47.8 11.0 
# 2018-05-07 17:54:06
# Total memory: 1905.99 MiB
47.8 0.0 
47.8 0.5 
47.8 1.0 
47.8 1.5 
47.8 2.0 
47.8 2.5 
47.8 3.0 
47.8 3.5 
47.9 4.0 
50.8 4.5 
55.0 5.0 
57.7 5.5 
61.4 6.0 
65.6 6.5 
69.5 7.0 
47.8 7.5 
47.8 8.0 
47.8 8.5 
47.8 9.0 
47.8 9.5 
47.8 10.0 
47.8 10.5 
47.8 11.0 
# 2018-05-07 17:55:06
# Total memory: 1905.99 MiB
47.8 0.0 
47.8 0.5 
47.8 1.0 
47.8 1.5 
47.8 2.0 
47.8 2.5 
47.8 3.0 
47.8 3.5 
47.9 4.0 
51.5 4.5 
55.9 5.0 
59.5 5.5 
63.5 6.0 
67.3 6.5 
49.5 7.0 
47.8 7.5 
47.8 8.0 
47.8 8.5 
47.8 9.0 
47.8 9.5 
47.8 10.0 
47.8 10.5 
47.8 11.0 
# 2018-05-07 17:56:06
# Total memory: 1905.99 MiB
47.8 0.0 
47.8 0.5 
47.8 1.0 
47.8 1.5 
47.8 2.0 
47.8 2.5 
47.8 3.0 
47.8 3.5 
47.9 4.0 
50.7 4.5 
54.6 5.0 
58.1 5.5 
61.8 6.0 
66.4 6.5 
68.4 7.0 
47.8 7.5 
47.8 8.0 
47.8 8.5 
47.8 9.0 
47.8 9.5 
47.8 10.0 
47.8 10.5 
47.8 11.0 
# 2018-05-07 17:57:06
# Total memory: 1905.99 MiB
47.8 0.0 
47.8 0.5 
47.8 1.0 
47.8 1.5 
47.8 2.0 
47.8 2.5 
47.8 3.0 
47.8 3.5 
48.0 4.0 
51.1 4.5 
55.7 5.0 
59.5 5.5 
62.6 6.0 
66.8 6.5 
58.7 7.0 
47.8 7.5 
47.8 8.0 
47.8 8.5 
47.8 9.0 
47.8 9.5 
47.8 10.0 
47.8 10.5 
47.8 11.0 
# 2018-05-07 17:58:07
# Total memory: 1905.99 MiB
47.8 0.0 
47.8 0.5 
47.8 1.0 
47.8 1.5 
47.8 2.0 
47.8 2.5 
47.8 3.0 
47.8 3.5 
48.0 4.0 
51.1 4.5 
55.0 5.0 
58.6 5.5 
62.5 6.0 
66.9 6.5 
55.1 7.0 
47.8 7.5 
47.8 8.0 
47.8 8.5 
47.8 9.0 
47.8 9.5 
47.8 10.0 
47.8 10.5 
47.8 11.0 
# 2018-05-07 17:59:07
# Total memory: 1905.99 MiB
47.9 0.0 
47.9 0.5 
47.9 1.0 
47.9 1.5 
47.9 2.0 
47.9 2.5 
47.9 3.0 
47.9 3.5 
48.0 4.0 
50.9 4.5 
54.8 5.0 
58.1 5.5 
61.7 6.0 
65.8 6.5 
69.0 7.0 
47.9 7.5 
47.9 8.0 
47.9 8.5 
47.9 9.0 
47.9 9.5 
47.9 10.0 
47.9 10.5 
47.9 11.0 
# 2018-05-07 18:00:07
# Total memory: 1905.99 MiB
47.9 0.0 
47.9 0.5 
47.9 1.0 
47.9 1.5 
47.9 2.0 
47.9 2.5 
47.9 3.0 
47.9 3.5 
48.0 4.0 
51.4 4.5 
56.0 5.0 
59.8 5.5 
63.8 6.0 
67.0 6.5 
61.7 7.0 
47.9 7.5 
47.9 8.0 
47.9 8.5 
47.9 9.0 
47.9 9.5 
47.9 10.0 
47.9 10.5 
47.9 11.0 
# 2018-05-07 18:01:07
# Total memory: 1905.99 MiB
47.9 0.0 
47.9 0.5 
47.9 1.0 
47.9 1.5 
47.9 2.0 
47.9 2.5 
47.9 3.0 
47.9 3.5 
48.1 4.0 
50.9 4.5 
54.9 5.0 
58.4 5.5 
62.3 6.0 
66.8 6.5 
63.2 7.0 
47.9 7.5 
47.9 8.0 
47.9 8.5 
47.9 9.0 
47.9 9.5 
47.9 10.0 
47.9 10.5 
47.9 11.0 
# 2018-05-07 18:02:08
# Total memory: 1905.99 MiB
47.9 0.0 
47.9 0.5 
47.9 1.0 
47.9 1.5 
47.9 2.0 
47.9 2.5 
47.9 3.0 
47.9 3.5 
48.0 4.0 
50.8 4.5 
54.9 5.0 
58.2 5.5 
61.5 6.0 
65.8 6.5 
69.1 7.0 
47.9 7.5 
47.9 8.0 
47.9 8.5 
47.9 9.0 
47.9 9.5 
47.9 10.0 
47.9 10.5 
47.9 11.0 
# 2018-05-07 18:03:07
# Total memory: 1905.99 MiB
47.9 0.0 
47.9 0.5 
47.9 1.0 
47.9 1.5 
47.9 2.0 
47.9 2.5 
47.9 3.0 
47.9 3.5 
48.1 4.0 
51.3 4.5 
54.9 5.0 
58.0 5.5 
61.9 6.0 
66.3 6.5 
65.7 7.0 
47.9 7.5 
47.9 8.0 
47.9 8.5 
47.9 9.0 
47.9 9.5 
47.9 10.0 
47.9 10.5 
47.9 11.0 
# 2018-05-07 18:04:08
# Total memory: 1905.99 MiB
47.9 0.0 
47.9 0.5 
47.9 1.0 
47.9 1.5 
47.9 2.0 
47.9 2.5 
47.9 3.0 
47.9 3.5 
48.1 4.0 
51.0 4.5 
55.1 5.0 
58.8 5.5 
61.5 6.0 
65.5 6.5 
69.0 7.0 
47.9 7.5 
47.9 8.0 
47.9 8.5 
47.9 9.0 
47.9 9.5 
47.9 10.0 
47.9 10.5 
47.9 11.0 
# 2018-05-07 18:05:08
# Total memory: 1905.99 MiB
47.9 0.0 
47.9 0.5 
47.9 1.0 
47.9 1.5 
47.9 2.0 
47.9 2.5 
47.9 3.0 
47.9 3.5 
48.1 4.0 
51.4 4.5 
55.8 5.0 
59.0 5.5 
62.4 6.0 
66.9 6.5 
58.4 7.0 
47.9 7.5 
47.9 8.0 
47.9 8.5 
47.9 9.0 
47.9 9.5 
47.9 10.0 
47.9 10.5 
47.9 11.0 
# 2018-05-07 18:06:08
# Total memory: 1905.99 MiB
47.7 0.0 
47.7 0.5 
47.7 1.0 
47.7 1.5 
47.7 2.0 
47.7 2.5 
47.7 3.0 
47.7 3.5 
47.9 4.0 
51.1 4.5 
55.2 5.0 
58.7 5.5 
62.3 6.0 
66.7 6.5 
65.1 7.0 
47.8 7.5 
47.8 8.0 
47.8 8.5 
47.8 9.0 
47.8 9.5 
47.8 10.0 
47.8 10.5 
47.8 11.0 
# 2018-05-07 18:07:08
# Total memory: 1905.99 MiB
47.8 0.0 
47.8 0.5 
47.8 1.0 
47.8 1.5 
47.8 2.0 
47.8 2.5 
47.8 3.0 
47.8 3.5 
48.0 4.0 
51.3 4.5 
55.9 5.0 
59.5 5.5 
63.4 6.0 
67.4 6.5 
47.8 7.0 
47.8 7.5 
47.8 8.0 
47.8 8.5 
47.8 9.0 
47.8 9.5 
47.8 10.0 
47.8 10.5 
# 2018-05-07 18:08:08
# Total memory: 1905.99 MiB
47.7 0.0 
47.7 0.5 
47.8 1.0 
47.8 1.5 
47.8 2.0 
47.8 2.5 
47.8 3.0 
47.8 3.5 
47.9 4.0 
50.6 4.5 
53.7 5.0 
57.3 5.5 
61.4 6.0 
64.9 6.5 
68.2 7.0 
47.8 7.5 
47.8 8.0 
47.8 8.5 
47.8 9.0 
47.8 9.5 
47.8 10.0 
47.8 10.5 
47.8 11.0 
# 2018-05-07 18:09:09
# Total memory: 1905.99 MiB
47.7 0.0 
47.7 0.5 
47.7 1.0 
47.7 1.5 
47.7 2.0 
47.7 2.5 
47.7 3.0 
47.7 3.5 
47.9 4.0 
51.1 4.5 
55.3 5.0 
58.9 5.5 
62.9 6.0 
66.8 6.5 
52.4 7.0 
47.8 7.5 
47.8 8.0 
47.8 8.5 
47.8 9.0 
47.8 9.5 
47.8 10.0 
47.8 10.5 
47.8 11.0 
# 2018-05-07 18:10:09
# Total memory: 1905.99 MiB
47.7 0.0 
47.8 0.5 
47.8 1.0 
47.8 1.5 
47.8 2.0 
47.8 2.5 
47.8 3.0 
47.8 3.5 
47.9 4.0 
50.8 4.5 
55.0 5.0 
58.6 5.5 
62.6 6.0 
66.9 6.5 
53.6 7.0 
47.8 7.5 
47.8 8.0 
47.8 8.5 
47.8 9.0 
47.8 9.5 
47.8 10.0 
47.8 10.5 
47.8 11.0 
# 2018-05-07 18:11:09
# Total memory: 1905.99 MiB
47.8 0.0 
47.8 0.5 
47.8 1.0 
47.8 1.5 
47.8 2.0 
47.8 2.5 
47.8 3.0 
47.8 3.5 
48.0 4.0 
51.4 4.5 
55.5 5.0 
59.0 5.5 
63.1 6.0 
67.2 6.5 
47.8 7.0 
47.8 7.5 
47.8 8.0 
47.8 8.5 
47.8 9.0 
47.8 9.5 
47.8 10.0 
47.8 10.5 
# 2018-05-07 18:12:09
# Total memory: 1905.99 MiB
47.8 0.0 
47.8 0.5 
47.8 1.0 
47.8 1.5 
47.8 2.0 
47.8 2.5 
47.8 3.0 
47.8 3.5 
48.0 4.0 
50.9 4.5 
54.4 5.0 
57.5 5.5 
61.4 6.0 
66.0 6.5 
70.0 7.0 
47.8 7.5 
47.8 8.0 
47.8 8.5 
47.8 9.0 
47.8 9.5 
47.8 10.0 
47.8 10.5 
47.8 11.0 
# 2018-05-07 18:13:09
# Total memory: 1905.99 MiB
47.8 0.0 
47.8 0.5 
47.8 1.0 
47.8 1.5 
47.8 2.0 
47.8 2.5 
47.8 3.0 
47.8 3.5 
48.0 4.0 
51.2 4.5 
55.4 5.0 
58.9 5.5 
62.8 6.0 
66.9 6.5 
48.2 7.0 
47.8 7.5 
47.8 8.0 
47.8 8.5 
47.8 9.0 
47.8 9.5 
47.8 10.0 
47.8 10.5 
